6579
19045
831
14990
26361
17120
17189
8216
25325
29838
15291
4787
26177
2154
6370
23124
30303
5699
23288
24171
25424
23314
998
11982
31965
10635
5472
6387
8948
18674
17512
7523
13645
13872
1556
22891
9804
31526
22930
14613
13610
4161
29545
1367
4944
31823
11777
8841
30979
9873
25446
4892
27974
3857
5193
4746
17660
24885
72
23689
7502
5269
4975
29828
21836
4106
19710
331
19159
775
876
4362
24254
26925
10669
22904
1063
27673
31153
18512
24369
6017
10285
30725
14039
4991
1437
23730
15896
22828
12426
15695
30804
5489
15624
19755
15610
11802
30084
31126
7776
7468
6332
16350
14322
5753
14607
8062
10127
11121
8439
31889
13872
24891
24788
1677
29643
27909
27115
30509
19063
2712
23214
15791
19664
8495
24638
27200
17309
10889
20782
28085
16048
4157
25994
379
11534
29518
12311
19409
16464
4607
15581
5172
8009
16360
30947
7195
11241
9290
18234
28645
24673
12960
26428
17424
1928
4470
4118
12971
21630
25470
25988
27918
7567
9953
10716
13768
15962
7891
20814
14041
25906
31594
23146
2082
20420
13232
4066
31257
15098
17911
6034
30913
2592
21100
29373
6874
26950
17391
21402
12628
28389
31522
27663
27402
197
12224
6588
24749
29
31793
4923
7422
253
18267
31398
30017
4329
186
31066
17902
20678
25267
18683
26537
26107
12069
19897
28788
1744
6722
9681
5412
9753
22429
21078
16145
537
32131
23857
10770
6817
12943
8295
7849
21112
22905
4762
7290
16383
12079
15571
2306
28949
3879
15742
13957
9785
20979
31926
22344
18670
31254
30147
12545
8548
8982
14817
9356
3924
26322
4163
24031
18988
11542
22360
16448
27756
6509
2893
25270
20048
2870
5587
12477
29615
25594
19234
829
4387
2045
14398
17853
27754
19731
9849
31700
7180
19381
30777
15073
27198
18004
17147
27644
24327
6893
19096
27181
13729
29406
16839
20699
16674
9464
29668
3719
1116
32213
15344
4026
257
25196
27864
5691
523
226
3834
4230
25946
932
5861
1402
10399
31410
31072
26706
15738
28478
16559
26838
26847
21877
1809
5074
12734
20637
31373
22472
8931
32096
19950
16866
25627
13927
15117
1834
28312
1835
31310
11773
24726
16648
21357
27581
13375
26260
11131
2759
24012
24878
13347
27813
5358
13530
8242
31876
19820
9804
343
9704
8973
1858
13094
9118
15544
7447
30563
15091
27354
21909
10110
14115
1288
15884
8026
14612
19174
28832
17746
12100
19527
27623
21374
2560
7317
2228
17970
32728
21876
557
5064
30287
11426
17444
4512
25303
8481
29604
10852
14332
921
26057
18833
13023
24056
30933
8243
7398
32347
897
9968
21938
10545
20113
327
14673
13981
19627
9754
14005
7965
1129
29034
10853
15210
24749
867
20851
15263
23349
4248
26798
6556
13679
1935
19480
2733
13198
12160
10907
13415
3549
9306
8695
10451
3155
21511
22271
28111
104
24817
24069
5040
4392
3525
1939
7980
3462
5751
25948
19064
14578
6790
7025
25005
17966
31873
20920
15984
29789
23242
22939
9938
605
1434
23549
4981
27734
5701
9074
8433
10131
3007
22191
12405
20625
4191
14143
31666
32598
19684
14456
8180
13828
27830
686
25746
7598
14190
13990
16521
1386
25495
1357
25444
22440
1718
28586
17759
31170
18057
17170
715
18900
12173
9627
1716
11981
21698
18131
18626
28358
7346
2225
8797
16275
24496
13515
32532
17816
15198
4554
27712
29918
16242
27931
19428
2151
22457
27880
11992
958
5980
15943
6695
29393
18786
29617
15285
23555
27254
10165
21029
6270
28650
14317
19449
1734
32765
11314
25083
19348
32601
7692
12508
5345
6112
13420
5660
4929
7336
1950
21545
7538
28484
377
16843
12853
19014
3545
2239
19548
5377
12111
14243
15653
9364
19478
11026
198
3620
18249
4623
16713
28264
14932
4519
31642
19051
25257
19410
31455
28045
6068
19867
7687
26827
23824
10368
7078
5953
25851
15132
14336
19437
5895
27907
8547
3254
28435
25070
26299
32429
18554
26648
15456
26514
27018
9703
818
26778
25400
19151
17896
22127
6417
18292
8357
21113
1396
20750
18124
2396
3583
13330
6934
15042
31815
14863
3554
28250
28364
9941
13772
31265
22060
4317
22144
15840
21142
6373
18897
14325
1410
17627
32517
22359
11167
508
1139
11989
4877
4669
20305
28062
16845
26858
13767
16646
24694
14989
20295
903
15657
17425
12065
23814
31430
3367
11602
14424
16480
10729
12701
12805
31983
16317
13534
25676
4933
20861
27802
13415
580
5845
21722
1296
23885
25324
3130
29251
10491
24134
13885
31302
28690
6121
22499
14311
9394
12734
25214
4613
8657
11323
24769
1105
24808
5439
31258
25942
14315
7741
16450
19895
13183
23965
31506
1208
24936
16223
26264
5632
8000
26882
5994
29854
16751
5284
31034
20297
9815
10090
7083
31212
2511
1826
16739
4194
11475
29479
25953
13949
9593
25733
10897
6478
27431
14686
27038
5536
29444
12173
20744
10182
28844
29320
19318
2199
3880
16523
8269
7094
13853
27379
641
4887
12099
13800
428
27582
16409
23358
4445
10186
3032
13469
6834
27059
20901
20704
19497
21712
23306
30908
7091
22300
11943
26274
12042
16441
23333
13798
7749
18869
28268
19744
17578
29837
27926
18387
5059
24559
24099
9036
7348
32068
16110
13005
17355
17774
29535
7915
21081
21326
1635
29749
23232
1930
20121
1302
8910
6541
19279
8957
2121
14799
19884
29370
5067
10582
16942
24620
11728
27261
11864
29977
10766
28404
13988
5981
7429
26376
16575
29255
12246
5668
1525
3904
26200
20632
10730
25005
2921
1690
10636
18967
14210
138
13893
21641
9615
12411
20853
13882
18941
15598
15391
20076
24596
10464
3811
11924
24967
15624
3628
28091
7241
5722
3754
19236
23203
32207
32259
25647
20868
28008
25541
381
18712
26225
28320
16213
13211
32003
25042
5447
9840
15564
30434
271
26989
19218
1937
22716
4218
27126
5134
2065
21338
16630
31081
15659
6088
3766
27722
18532
25030
10240
3043
13176
7730
26633
8483
21478
31642
30198
24108
23705
17745
926
12808
13000
29890
27026
1175
2587
27909
17499
28364
3087
5296
30466
17177
3739
16880
14038
31272
7700
11480
1129
22476
24142
23544
13788
23607
1796
16178
30300
21869
32633
27849
24301
9465
23904
13499
3174
3550
19193
32337
22205
7888
6270
9204
3461
3236
31933
16706
23989
4358
18694
10081
17579
8554
5191
27539
13425
4677
8566
17419
19774
31356
1327
9984
20544
27420
20127
24575
12184
20301
14240
3973
24487
2177
8229
18637
19848
6897
22745
16871
7901
32330
259
18954
7887
26275
31661
31275
31824
6579
16389
21454
15779
9281
2307
16925
3359
987
10316
12599
17200
6347
87
12234
20894
29767
27086
20196
29714
22248
2103
13318
18902
29534
20947
4475
15580
18785
20166
30951
23042
11498
21369
15395
32404
19876
14909
20552
32530
21149
24625
26378
11060
24130
26981
12872
21292
3722
4159
1504
12843
19825
1054
19400
25126
1448
6974
32347
15578
3979
23516
7408
19982
27219
8346
20145
15128
5517
23588
10155
17314
7883
16404
17441
16302
14233
19219
11814
16088
26546
577
16747
11483
12148
23000
341
8023
11922
4364
5458
12498
8969
1333
24430
3324
21589
16431
24865
4663
16100
17921
25195
11350
5067
26046
3875
19621
24760
4521
32397
9002
29735
668
22826
32043
20953
10923
4308
27889
19330
15108
24330
7883
4547
16665
32136
32597
20823
7938
19738
5881
12433
25372
24243
16055
16646
17143
4793
4642
14727
15727
17060
17067
3154
10264
10439
12322
11656
11232
31341
27258
7650
29935
26664
205
3488
6610
30822
16799
11203
32217
28741
20583
30076
12989
16041
13388
6628
7558
7563
17452
17901
25260
23956
5090
27801
23933
4074
18121
24426
9918
586
27516
19225
28309
16727
17632
27787
11687
5425
9317
4608
29053
11338
14728
15502
18476
26741
31389
30158
3893
576
2763
11733
10666
30340
16728
13669
24978
29242
13862
10341
30863
12432
30590
23695
11198
32573
19725
10345
11999
23825
11308
5750
25270
26320
16741
22701
19120
1600
13106
4138
1482
6017
519
15652
20143
30877
10643
27423
18208
14176
26436
28002
4761
20842
18953
16300
1074
14978
28507
24355
25539
7469
4478
12173
3659
2431
19204
16578
30099
1586
13204
2145
17166
14325
14825
25539
8708
4870
24349
30253
29935
19203
14120
14154
31270
29950
21156
17880
9144
4047
30163
21153
9883
26286
16610
14253
1286
513
11631
4022
6171
6770
1354
25052
23753
16965
13944
13722
2033
14568
10366
8953
9671
7372
30428
13059
18556
28532
13527
9339
2586
8140
7803
26827
26031
3771
23265
27966
11181
16891
13230
1135
5521
14633
26076
1026
15555
6424
28605
27281
30909
8555
60
8681
26736
8291
27495
12663
10979
22773
18474
29949
2846
3872
7005
11145
9030
11901
13314
29352
15113
16152
7367
471
25917
7294
18131
14906
8387
8983
20926
24209
178
18358
5345
1895
8113
19823
19921
10124
25253
3497
6182
13510
20109
1651
4737
18628
30121
8988
21709
20051
16354
29437
7108
3797
4710
17050
19893
13294
6803
19178
15493
4480
16406
27378
18677
19418
596
8089
19234
11820
17673
11703
25682
17726
20526
12911
7661
4706
1825
3519
31178
27304
6912
23381
22444
22096
15445
28068
21517
1157
4089
32568
1050
10056
27442
3654
13054
19370
6943
5768
1123
574
15190
7495
8246
27598
24523
17338
19371
32333
5620
21390
4994
5645
298
31174
27528
10034
5715
9157
26464
9063
15038
12969
28803
26575
19022
30939
7558
18238
18651
13796
3740
1194
17109
1155
29531
20956
8490
28412
7619
9835
29802
7602
18044
747
31530
21496
26207
29794
26534
12069
18744
27643
10410
23526
15818
16127
14770
13785
1812
25344
15952
1367
29395
14936
27854
20369
14664
1234
3092
27870
2619
18598
2253
22867
27456
18347
26054
29589
19257
21704
2966
7659
28444
7595
15236
30103
7159
15550
10661
5223
8753
10071
581
4231
11794
19504
24200
11929
389
30230
27729
31239
31517
18149
19811
14232
3671
24243
29127
26178
4383
844
29037
16960
661
23519
10518
32356
12048
5366
7792
10157
21859
171
28547
26396
12640
1817
20813
5572
3995
31506
25001
22305
20081
10000
20598
11690
28744
9837
9204
15785
8983
24278
7281
12875
24874
11773
31526
30963
3871
8078
12380
18132
15157
16229
13523
7359
25030
23550
4707
15673
23313
19756
24548
18641
22077
4878
13388
29873
1435
24895
21783
3954
24620
27214
9196
18485
7267
32622
3965
27631
18475
22638
2991
3332
8748
6123
21755
18712
6218
24516
787
8481
3951
2510
11977
6081
22667
22729
12077
2516
30425
13715
12790
30021
7011
19612
13092
8741
31176
8090
6115
25086
23101
24446
28849
22884
3282
8870
9923
1998
8695
19284
6309
420
3134
12895
27170
4249
3938
27176
2915
11835
8329
11728
15195
3272
7110
20648
2402
8772
29410
16873
6687
27080
14684
30886
13228
20253
12718
23550
21749
30858
16338
31638
23649
25321
25861
11335
437
1024
10443
23827
10037
26383
4915
14430
17932
30630
7260
25946
31213
28345
13624
32196
28667
5622
19856
3022
15590
21846
31560
9308
24151
16115
9957
29042
27535
3353
24908
16621
14667
18079
18124
27506
29930
32120
4959
10149
31441
23429
19501
7579
27663
29101
8786
20113
18237
32048
29409
9438
2216
5944
2089
16422
5555
690
55
20945
30582
3163
31900
7611
10411
12574
32624
29485
31435
32413
6550
12813
22132
25102
20034
12369
23310
22856
20409
5049
8622
14877
31064
29630
10042
1003
10968
22470
8655
28526
26832
26009
17759
12504
26235
21528
15263
8228
23740
30253
21280
15271
21087
29182
10683
14568
14754
30822
22067
6065
1780
4261
21782
27494
9468
19542
15588
20118
27101
30626
32115
13520
29113
6580
11922
3768
628
22892
12781
29785
23738
6744
11313
18877
7747
26080
6512
4539
6485
29888
198
25361
17803
27836
2877
13235
11734
9870
494
28258
32705
4132
30569
1663
8185
32520
8279
32290
26636
1824
8030
4711
29041
10647
18501
520
4553
28699
7769
8753
27748
18505
4623
13711
15623
13157
16874
14763
16364
7759
17055
7798
23307
30130
12920
7204
27800
19071
7158
6974
25293
6810
27578
25331
233
4563
32165
432
30073
22295
1343
9200
9686
14823
21845
19796
21231
21514
19175
10230
31560
29567
24385
24059
7747
24758
9575
12647
17567
21760
14006
17973
29246
13635
21193
21160
25899
25842
13978
10716
17883
17724
28393
21664
11443
13444
10722
11400
8395
8722
19450
11581
29682
2568
19482
28696
8178
28055
6911
1519
2325
7026
6625
9007
18919
23683
25682
21035
27710
22750
29034
8116
13176
18675
20513
30186
23556
18183
764
6481
29732
21733
16108
31784
12784
27088
4467
23542
27295
7357
12808
23909
3842
16063
701
6739
20817
31171
1055
22055
22570
18301
16477
19553
8919
21666
29101
19830
720
9304
26604
7642
20096
2027
29060
19294
12620
16065
19347
27836
15570
21136
23882
32624
8046
974
17043
22474
9219
23145
27126
22338
24312
11961
18877
23819
11392
16051
28758
9451
25631
9055
29690
2121
25962
14988
1420
21896
25102
22722
10948
12691
2323
22392
25484
14265
30562
21383
16042
19388
4485
12255
8608
21028
10927
12408
18384
17113
7420
16780
15588
18929
14073
16132
22125
27335
8807
20528
28874
22861
10300
11194
29516
32163
30187
22493
24472
21992
18405
15058
28748
10832
7520
3979
2789
18294
22871
4772
2272
13044
29906
31639
7199
3634
9831
5679
21135
7035
8961
4159
32008
6486
23520
20371
32116
26643
24033
25639
16436
11684
13824
27287
25791
27566
32539
29399
22924
15328
31993
16164
28467
9860
26762
28474
9935
18259
20848
27592
16294
13454
14527
9761
18444
23626
18689
52
13700
19468
20350
28862
18473
5781
23226
14270
15692
19455
8766
14122
5471
14345
7067
17376
28945
23216
24749
735
18875
20223
19229
9911
2299
5159
26921
8510
17310
27858
12200
7557
7108
18613
3400
22026
3646
27748
17179
6959
12091
19307
9810
7659
6692
18586
12104
21184
6340
20640
31170
237
17836
732
6773
20964
11734
23663
28104
29950
13704
6550
17372
11118
17531
16695
3529
20596
32061
3769
28715
12755
980
11801
24286
19588
6052
32314
9733
16812
1171
19837
1105
6092
12138
17554
14976
7223
16766
29582
13347
30922
14225
13629
11685
20951
22515
23737
31625
98
21484
24891
22259
15504
6239
31794
21354
19548
4519
28050
25052
2700
26309
23151
1250
23011
28605
31178
6726
22681
27453
939
24003
26632
14208
5744
2315
23720
4722
1636
13583
27197
9493
19347
24698
8271
24099
477
16254
2779
24565
12106
14548
19272
1443
17565
13310
15772
17261
3116
7376
32240
26201
31470
16430
25122
30494
6102
26135
15305
17473
27999
19683
30318
22398
14697
27080
26105
23145
20291
4771
22889
11861
24585
29941
17864
15221
7472
32300
7518
15169
26975
6437
10022
539
2944
25838
27262
3123
6168
18640
802
20904
1235
2445
29019
9712
6756
17382
14964
9849
14475
28768
28014
31888
8311
21576
24565
30339
14671
1013
14226
15362
780
23117
4897
8651
11145
2443
26758
24711
31197
10559
27292
13038
1000
26005
2926
7986
25132
13275
28330
28571
21982
12350
24658
7790
5437
2260
9141
14612
12835
6624
11934
32376
20186
8017
9419
15537
5424
8075
10144
12769
9166
29546
19997
29789
26053
3972
22798
9742
2154
29359
30593
30487
868
24004
12157
15287
26371
14498
16113
6513
25812
18549
2283
3947
18034
6968
25354
24085
18078
19576
22326
4618
146
1883
11662
13883
27027
27106
21154
29002
2246
11627
28131
4660
24900
14458
15448
20531
17008
32184
914
16867
29321
19516
12513
20387
26491
29962
30920
9534
507
27097
2735
26315
32466
14618
11480
11473
4729
2869
21652
2991
25319
1302
3767
10811
21415
13288
19529
11178
22573
26144
26494
28848
16490
5566
29928
29671
13214
18383
13548
17781
19822
1335
14707
27114
4406
20653
5089
8295
10144
15879
8011
21509
6774
3768
15077
15476
692
30615
2233
29155
23778
29666
1183
30752
30624
18818
1897
1281
12419
8848
2654
1538
29471
24601
16106
10543
11877
2590
20115
27973
13360
223
22319
32020
14106
21338
30548
23079
23188
24334
32529
6823
2358
7428
6363
15997
1363
16400
32458
24503
26577
2133
4102
16941
311
28679
23164
1636
20744
5493
27861
946
1872
1606
1192
3491
17532
20482
27886
10396
2926
31189
8375
29118
6609
19344
1564
15885
6826
1521
21877
13522
26416
28708
204
26942
18910
24201
12177
14159
30662
5816
8846
26616
13352
13507
5150
24700
21059
30139
26778
24859
2411
2933
17173
5872
20316
23949
21065
1306
11470
23468
27088
2330
16458
17671
15256
32380
25403
2344
17809
17850
9544
9713
18344
12893
4577
9950
22009
9317
29720
10634
23360
20715
3251
2933
8081
32261
28287
9476
10058
13802
29927
13769
32325
13654
2244
26117
17234
6448
10103
363
2020
3947
24630
20263
22538
3882
15267
11039
32417
23591
16803
17529
22985
22869
4461
9565
21397
28356
16353
26620
21255
1733
28700
15569
14651
26192
23113
9766
16098
25762
13497
3291
17906
17962
13111
4707
29596
16038
4245
17423
9855
24202
22155
5007
7451
28577
22466
14518
24712
1270
4139
24701
18279
16885
24469
19787
9498
7374
21119
19571
31024
8218
27946
9470
13091
28609
11507
25516
24134
5403
13280
10293
18937
22101
21113
22484
543
7447
25561
22790
11218
12387
12292
15504
6741
17857
18555
30655
12361
11673
4878
5107
24868
7904
30450
30559
26336
26102
24595
11018
32752
31439
3243
16921
18808
16978
22804
18001
2493
32510
32219
19928
32475
13523
29717
7739
1462
1136
29686
181
11570
16761
16799
11183
2471
18491
15416
25987
23695
22163
25407
17541
25730
27659
17951
12356
26981
30023
4613
2061
22750
18080
12783
4785
1802
10766
13574
7048
26483
1099
28461
24758
21052
21813
2010
13997
10655
6005
27428
1268
29594
17246
20766
38
15332
30999
20324
17725
21030
5629
10483
14864
14440
14659
20542
22299
21961
31707
20350
15999
16756
24474
2889
17481
14799
14743
4966
19447
7158
7124
30176
7993
28519
544
18521
8692
23039
17979
23457
1932
4133
7996
19847
28003
5445
12336
27887
32413
24704
27140
9253
1319
14753
17573
23921
3063
25171
4965
5612
30357
24466
30881
4753
12762
30560
15520
27543
25079
14009
3007
25087
12730
5064
24523
13161
9997
91
6319
24619
8384
149
2127
6052
24968
6626
30131
16078
19527
11824
23400
17683
13709
5981
25891
15202
28255
5867
28840
24961
27704
28155
5610
7589
12878
12665
31348
4672
24598
11924
29703
17946
2314
29553
16005
4771
14762
20512
18701
19592
19905
25551
24168
23172
31721
2621
11428
11897
14929
15730
28670
21695
24766
16302
17670
3515
11216
8607
26109
9652
1415
30934
22402
32483
14085
23164
18542
457
26518
28225
10492
26566
3309
11670
15661
5094
12465
8988
11882
28158
12088
15964
24683
29688
21394
4024
3417
30059
29897
161
27951
11631
30823
23563
27750
11951
24121
15134
13777
21951
14675
10799
5062
13744
14932
6638
27774
13026
12011
28897
23998
16410
6810
20753
15287
29140
19642
26115
30508
23515
6080
20201
11986
27926
3518
31002
28668
15781
26157
32448
27255
813
28905
24016
7091
8047
14973
6976
13604
32032
17825
9844
16872
12020
32257
4345
20394
1277
18496
28277
7878
3123
21309
28894
7598
11348
3733
5355
13196
22510
27241
29384
7721
697
17505
1806
26381
21035
9712
2034
13288
15431
14298
6845
30256
2230
3828
32124
15884
26648
13867
30968
13425
5532
6600
12008
138
14030
14323
6246
7262
28081
14965
18592
23725
20750
24002
18384
12314
16139
18742
6766
22928
15871
15519
18595
10718
24453
14076
31234
31908
22992
31364
31091
31859
19262
4586
13679
29232
23599
15072
4211
9145
13079
23002
5550
1483
28370
23316
26109
17700
6968
9430
28954
27364
21490
32503
20241
8249
2444
5024
19955
21819
7370
27986
1997
20245
17472
5674
5339
24934
28701
15460
11770
22247
8264
31
21340
19789
24750
20063
19327
2161
24538
27992
3680
174
21446
7658
28908
12426
8432
30312
9399
26009
30641
23197
24560
6303
23498
13585
16789
4341
19008
21896
17891
22318
29035
6348
24337
15097
12105
15788
1597
28745
18968
2885
22695
1972
5923
11392
5405
17945
988
25820
3510
8070
13611
622
25027
22873
12550
12582
5123
6053
17986
4947
20758
22999
9896
17257
31284
10905
26444
8962
18463
1782
23322
6948
6742
16575
31666
12738
18060
24622
21622
6277
31832
18634
9184
6348
4398
9610
10010
241
18574
24637
17352
30414
27771
10281
1064
21375
18991
19443
6494
27754
26381
27327
22537
28029
471
16535
25370
10423
13345
4625
30950
32490
18438
31532
5754
17855
5657
9596
25902
20218
32670
10631
9853
29951
22779
8046
4627
20629
22633
8912
23080
31723
23791
19947
18957
1753
8593
28676
13060
103
12485
777
6997
14739
11302
9334
25502
9551
15468
5493
22123
31178
15772
1609
22022
30448
31612
12524
7313
30260
4682
1783
16977
10125
18349
30403
32333
8126
28652
3022
21784
7131
13150
28256
10731
7689
18466
1646
26102
18309
29711
17854
10744
5096
27374
23884
15886
22953
23783
25069
13256
13283
18746
9266
28290
14680
26928
16271
1522
9399
18256
9404
14077
21018
22229
9052
22223
13779
8032
14045
31786
12392
20715
6815
21246
25564
21502
26968
20027
28208
10789
19383
11235
11562
12961
31303
32611
28501
10078
5783
13859
13897
26149
8088
19036
28204
23059
1350
6186
15993
6474
8074
2274
22528
2790
3167
2213
25647
10547
14645
31285
31119
13341
7058
7432
14737
26599
23807
6555
31627
3104
32290
10249
10494
28371
13608
1244
12058
8191
2918
10275
10628
326
32319
29381
10838
32233
10056
17940
17256
32500
12202
14757
13518
28598
4808
25440
25761
26228
29730
26067
1027
17759
3193
14539
1373
26562
29237
24614
18411
12160
16643
1251
7291
1726
25794
9339
1905
10717
2976
19060
25615
19883
896
2099
19699
30170
1696
7954
28129
4017
15224
4274
8899
9473
27621
2451
2030
15195
14214
23009
24487
13184
17766
28817
28902
15641
14556
3245
17242
12968
28080
6380
23724
29119
16255
25990
25352
880
24673
13382
18650
10500
712
19169
26069
8431
23212
32646
8506
14340
14821
29622
4439
31462
19416
29014
13390
7103
13397
7683
9751
24628
5568
30885
30664
11160
17007
21831
3092
31071
7508
19238
7442
23510
28124
18695
20288
21266
11030
17358
30152
4134
536
13133
27650
30874
7071
20826
10297
32280
25845
20260
27570
7783
24600
29895
13290
8094
16152
24349
20768
23697
20161
20439
17939
13712
29818
17357
21773
31057
17261
17299
24096
23082
27880
8781
29360
17283
4099
7876
16946
9100
11396
6841
17458
32043
15615
23673
17307
22073
15426
3761
12083
21997
6640
29316
21349
10136
25195
30683
24899
30099
7671
12284
26315
4214
11037
20063
7273
5771
6222
11196
11198
12163
16585
32617
21408
12391
12479
17123
3426
15313
5300
29611
5973
12891
14376
10067
2190
1880
22391
9688
20970
19906
18686
32306
20560
4468
16767
18730
21558
20633
14278
3692
16999
10597
11149
32733
12803
4099
21406
32558
11207
8398
30519
8626
28302
25283
30386
9836
23832
3638
18277
4717
30987
11205
26312
26461
3895
8075
2261
10327
31006
29846
1461
8442
6068
31898
19096
8892
27491
6118
20965
11394
27986
14744
26259
12398
3559
31757
14038
27640
31883
22940
31231
1601
7341
23940
11677
26787
19465
24866
11753
1421
24106
10600
11617
398
28973
30858
20402
29359
32713
26618
27611
10758
21644
7831
14736
15240
16999
14114
28124
14367
18029
27377
2827
19965
30424
21735
26567
17199
25421
24739
12673
32373
19041
14840
28179
4689
18523
20637
16547
32350
25403
17446
30154
6883
6140
19507
6901
25256
19735
28904
9484
3848
20040
10141
27218
14920
13716
10198
29581
31783
25995
3189
26726
13494
30923
5422
6930
31082
19141
7228
30514
22640
32196
5202
22520
26176
8747
8917
2444
18805
25341
10824
31150
14556
23459
22792
23452
8139
31466
4153
17206
23732
5964
14080
31584
19961
6256
19954
7080
8450
23028
22221
8489
6030
11113
25702
3758
14150
4511
26339
22555
6040
11555
2090
7433
16834
27143
11418
30385
22317
23777
27640
23819
29181
28950
5804
26423
29670
19545
6957
27419
14145
2926
24506
16462
22111
15412
25675
10804
32029
14562
16583
11627
30904
18577
21367
21606
31203
10491
13243
10072
15639
25986
15611
23380
3371
8052
17889
31922
21540
11149
22469
6324
11854
10429
31337
10858
13196
29740
26599
20178
27372
7804
15591
1092
7294
17998
30997
30989
30055
31751
25555
11611
12849
4820
10538
27737
17253
747
17159
24730
8284
16660
676
18363
15442
12136
20036
2372
20924
2905
26403
13520
30683
31987
19373
11118
13970
11106
2542
30790
3189
31411
5706
7296
6946
22239
31342
21089
28116
12293
28806
2999
3637
3063
16048
12152
23412
20728
26289
23206
22424
11716
32232
10357
24340
17105
16768
17840
32411
28885
15081
21337
23349
28808
2184
23696
24723
6059
7853
25525
10655
28489
5318
19153
22360
32573
21203
6962
18909
29428
13082
28758
28615
31604
27676
2571
8124
4765
22215
18899
12354
943
25837
8077
16848
23821
23541
10578
28459
12097
10193
2718
22512
15679
23088
16048
14700
494
10740
27187
2484
12004
1766
28701
18674
2161
5544
19928
31998
17120
10220
672
2862
17657
1252
1580
25710
29643
5625
4752
14227
27560
19392
17762
7660
19056
20266
23579
30234
28435
21243
4033
24866
21073
6525
21443
5569
23748
629
31781
32256
24097
13654
3804
21255
2491
15285
17532
11062
7240
8189
31760
11890
3816
25700
9801
25789
31587
26141
27612
21258
5554
207
4901
23119
24258
1607
26896
3291
29812
24170
12601
28138
8936
25453
24914
20343
6907
20040
11206
16977
29198
18279
7579
19569
20234
28579
21405
22923
26784
30066
2745
6627
14550
2650
4007
17250
2495
19628
20940
26857
16265
31086
7518
23525
958
31385
16585
19492
13763
9605
8529
6631
17573
15777
761
3640
22036
3943
1956
28029
24240
14223
10619
6222
3972
27267
13454
11908
15568
20500
958
26770
8716
18283
1242
6937
10025
10050
18440
6326
2842
20052
7783
26143
6035
6161
3058
29806
16913
2455
4264
21948
24090
19166
3306
8178
17606
16434
17700
29148
5502
22503
18607
20095
29700
24648
16374
17069
26547
31184
26072
2262
16393
31133
12366
7969
8802
20513
27726
955
9478
18459
20719
2927
7014
12741
19917
1656
30627
20047
6319
10131
25936
3981
15975
24920
377
32749
15098
11721
21476
26283
23809
29740
28054
31816
30799
278
20633
17208
11220
17609
1277
22747
16065
19391
32541
21166
22765
9607
15140
31683
6776
11728
12751
1646
22190
27588
2676
1602
30254
31639
11843
17979
17483
13919
8396
20285
11186
3110
16833
12989
9805
17469
23549
28094
25704
6100
9670
30720
28435
23240
5711
21364
18887
9916
13441
12274
22348
15467
17147
30510
1497
3900
27992
21737
1662
12056
23216
3940
5055
1144
18785
17434
2946
4802
6159
23726
24619
13525
24553
20515
9477
2018
1070
1099
14820
30847
23280
25474
23048
9718
21273
31388
4677
4067
15275
13083
25185
16894
4172
32165
3518
29237
28417
182
24376
17662
6970
8083
25681
11243
12815
28031
25484
4734
29641
24880
4630
19776
18084
23684
19627
32525
22227
23665
22456
26802
30661
25914
27325
22202
10919
32489
2806
8580
28202
22009
31034
29593
15238
21587
14115
19005
21695
18044
26479
25668
18470
24844
3494
4903
19748
14946
28925
8791
24115
3222
9851
18641
13357
21423
1626
22771
1737
7190
4272
8846
13922
5451
1359
15164
17147
15575
13033
8436
13441
13698
16760
27355
22607
7877
31708
31837
30712
130
23750
28285
27968
7923
25302
9065
14187
19169
28672
14418
30139
534
14388
18810
27444
29716
830
15503
28578
16135
17899
1335
29149
30969
22125
6124
28492
22853
16384
32522
1192
5710
31182
17958
31746
19312
1296
12194
31752
31543
13943
26750
15492
463
11978
11889
25637
3004
18128
7225
29570
25803
29296
4143
24924
13129
24343
24862
19491
29554
20826
21845
25788
18220
1501
4091
30338
28150
6515
26787
12427
31003
15494
24864
5164
4139
13754
11675
11455
22955
