10448
3672
27017
24390
10257
20442
4469
9077
9198
3653
7786
2347
7494
12812
21989
902
12306
18261
13125
248
12104
14926
719
10816
14335
11712
11765
3481
32723
8166
7384
2609
25227
20863
20747
4060
29433
8994
7578
1802
4898
23762
8267
29943
22431
5074
24611
12321
14915
8890
13612
14591
24574
26571
23926
2800
30209
15744
25436
31090
27171
24933
14600
28052
644
15660
11578
6062
6256
17918
7492
26959
31366
26127
2138
27511
14873
9333
26632
17670
26582
32570
29188
1397
935
11184
10022
1988
9176
12548
21429
435
6009
4374
25828
4917
2051
29576
14236
27170
24126
1814
17532
20012
28257
3365
19743
10516
12155
17310
28317
24350
531
8444
15700
3010
18955
5796
19944
30372
24523
19829
20360
21702
7323
4257
7027
10748
1615
23227
23995
24225
24106
14609
15177
23945
5885
31035
6434
20022
30351
21748
26857
16207
26177
4137
7844
21837
14066
15696
13251
20856
23585
7163
23390
1298
25169
17837
19390
1234
9394
7404
16671
12436
1533
12951
7604
25422
12448
5498
19180
24390
8731
16416
16372
19074
1450
6376
20861
20352
8740
14427
11967
13864
24355
27069
12221
2303
9573
6626
22731
6813
7794
10308
14158
32609
6015
20050
31684
20323
2963
4362
29956
17578
6376
28873
20678
2464
26004
19298
17765
19394
14184
9326
2276
26268
17177
18404
14640
15093
30365
31466
6564
1607
17112
12010
18898
20082
10360
27367
22913
13744
3102
24338
24050
19148
5566
22168
27752
10639
8008
31679
7654
32636
30344
8753
59
18621
30283
2967
6204
22876
15043
23146
22865
1718
29996
9990
13875
1325
8880
27393
12019
19998
10888
14010
63
8723
10085
25909
22497
31545
24590
16934
12936
1044
13130
22091
18123
26225
31488
19967
8555
1692
10909
11789
22232
32468
11446
19138
28151
28412
17391
13638
26659
29843
29467
4908
2674
24294
12452
5191
19513
29572
26925
31423
3794
22259
5495
26981
668
28065
26497
27716
23876
18717
21236
28536
17731
30087
29885
6212
5800
15174
7676
13406
25880
10488
1565
13197
24339
31151
26692
24438
30328
11098
4079
17843
29260
22913
6359
2086
19895
12342
26135
1933
2127
2888
5263
7254
19354
5561
27787
20916
2509
32114
5792
22258
31194
3894
6103
6920
5290
20181
22798
18028
30631
24482
15770
1834
20606
20774
3377
25399
13859
9238
13576
1282
4885
7043
9272
13901
1251
11857
18278
32059
21743
11498
26531
4010
28274
28467
28817
4290
30144
7872
25031
19662
25806
28996
28535
26443
20721
26443
5710
12095
15848
25387
9884
3533
8733
11319
2741
17157
40
12855
19607
25857
14741
9493
7885
21805
32487
13529
27795
8166
220
3543
13626
31303
18163
25895
14030
21055
20268
10582
11255
9447
23311
11099
8477
3859
3567
21453
9423
19496
16496
14419
22374
5933
11591
9563
7653
8740
23361
28687
31780
6042
26759
9348
23086
23165
6944
25653
14567
30766
23223
2225
6642
215
30623
24208
7889
14847
25364
3243
9038
24411
15556
31629
22298
26087
22926
20772
6837
30006
10121
21692
9101
2822
4936
20271
11114
32024
21084
15189
12041
19775
14107
23234
7
950
29088
689
11778
950
25107
13627
2810
3656
24619
23245
20221
26457
7152
12248
7939
20748
31686
15050
31511
20820
7079
24126
22455
30145
20912
23407
26238
2458
23519
22771
20992
29229
6939
16806
28918
9571
32628
4068
13467
28311
2477
22779
22101
30120
1527
11487
2200
15437
25600
7712
12039
1449
20524
1562
25053
23584
29218
22892
16524
10600
29835
8363
22436
5347
14870
26967
7669
7212
25536
17165
19704
6640
3154
7423
6251
12031
23851
6050
2364
16802
24639
7846
32680
1840
13152
24363
8356
19420
189
28210
12924
27857
24744
13137
11450
14465
2204
27564
32585
10553
27518
22816
21722
11769
12067
29121
21639
30084
6931
9095
9910
28595
25740
68
16705
30990
31690
26073
16084
25757
16006
30378
17814
22524
13245
30287
16651
11694
13490
24205
29497
20915
10038
16516
8457
19549
11559
17961
24049
28511
27959
26615
15056
22823
22766
10978
23577
17006
5107
31373
15156
18957
24711
29628
5921
13074
13650
13068
22623
18707
24674
31714
27660
24258
23409
19361
23117
6850
13670
11552
7152
1721
13599
24667
29520
5287
6510
10856
19577
3702
6753
25005
26765
9170
4039
2641
22631
2618
24815
5872
2685
25431
8627
8595
28683
23949
181
12511
32110
17105
27369
23948
2509
27066
2132
27673
20991
15578
30227
11966
8873
19534
24990
17315
28071
7572
26958
847
20142
11677
26141
13155
17199
22819
686
20872
6526
7997
17293
2726
23347
29233
25783
12887
14033
2697
12381
20123
11429
28777
13029
3021
753
12063
28722
11477
17738
26364
32293
19360
21311
12642
10339
32205
16955
2847
345
12713
5805
14585
1150
22366
6245
23178
11736
10855
17985
8015
10946
12103
11530
20987
2028
14715
9625
11793
163
3501
15934
13233
21331
29738
21346
28082
16202
20374
7018
24050
4030
3039
10719
1002
22546
31087
11724
12678
17749
26790
28520
8755
10508
6535
20725
2105
8497
21425
22248
1099
379
14993
31562
15196
25056
12759
20574
32437
30297
26150
13956
14917
5093
19984
10589
7480
1744
14145
26672
12491
7733
13306
32141
20830
4290
31938
27184
15818
7867
6744
30503
12534
5441
27627
29496
14757
5845
23949
24445
17554
19736
25318
20305
3263
26580
2597
32624
26122
3392
15164
26713
5633
8064
30541
20471
12023
31596
11359
7809
8536
5266
29014
31391
30521
4734
15906
28878
28211
21305
29750
10757
25458
30479
19260
30105
17929
22933
30215
10846
904
7147
5065
8975
8913
9279
16774
23023
295
13970
24520
26545
25992
2751
24725
27029
24125
953
12702
4821
7343
27668
5817
27967
17276
23495
2193
3363
23242
11056
27548
15471
24284
5976
13134
24857
7395
31609
17805
8893
21014
17341
12900
5000
16644
32073
5115
24660
12585
10106
10951
19476
3264
10862
2558
31347
4313
5831
26702
19896
17323
4779
26830
23533
9515
6159
28725
16192
19934
26678
23114
17833
28651
22644
9115
17357
28276
23608
23410
3875
32550
28746
29189
25429
2575
19280
14061
14057
15280
30615
7129
17184
32084
14864
3972
17182
18336
27289
1252
11852
874
8574
31397
29179
27855
24128
5845
28234
11391
2965
10977
14921
7004
1199
13248
29534
25668
32705
10862
7144
30762
448
14492
19747
2156
16231
9638
16460
31584
3965
4037
29445
3888
21082
17798
27386
7913
29352
21370
23749
15822
25447
6703
14863
7410
16179
96
27384
28422
27850
5481
14009
15983
27849
14333
8072
27036
13494
5403
13757
14742
15171
4926
9778
18136
6609
32213
2031
8290
26420
1266
11527
26889
12214
25926
31421
24337
11870
19533
3307
509
11122
19654
10405
19110
9274
30566
16921
10635
8199
27597
6585
16232
22132
30137
13469
1034
2796
2682
13346
20321
16748
15014
20696
30935
12426
27661
31899
224
5303
28655
28671
30930
18625
18797
9970
7416
18332
14398
4252
21729
31585
23459
30346
3582
32151
413
24332
9325
11442
30301
28379
19983
15065
26620
3583
15328
6636
12908
21488
25992
26822
10159
32508
13101
17855
10310
31464
31116
10869
8173
15066
31816
13517
14981
27255
27265
308
25938
14920
2473
31275
28774
19298
659
16642
25693
32326
1229
5091
24651
10502
13360
21779
5107
30889
5301
6005
10810
465
26763
21584
14299
17563
13414
11857
603
10183
24089
26068
13120
12057
6503
25183
19326
28926
5910
30063
27442
3955
10822
14968
16786
14371
22529
14375
14628
28623
1299
9962
13359
11507
13852
178
28016
1447
5603
15864
20749
29891
13805
25598
25039
31302
15695
18519
32395
6905
31168
11689
7137
847
1778
7602
17961
20880
35
9353
32683
19254
28655
20774
20238
408
29288
7973
4628
10693
15720
11719
26756
11187
806
26682
19303
11417
25352
794
9334
6297
23736
29495
31188
28578
31098
16793
505
22933
8125
24769
13294
17830
17647
26418
10176
6406
29078
21296
23343
12479
19357
15304
11942
15071
6891
4880
11888
10968
31803
23984
31784
19751
13863
929
27761
15924
25733
7733
11496
18553
28151
26456
1623
28135
30654
11797
3884
8325
19407
29788
25129
28251
25897
6658
11612
9358
5733
14601
11602
11724
32399
5922
26760
12266
16436
20592
16162
11468
11964
8079
8927
10886
26106
26325
2893
9920
2
24279
31289
22879
23867
3631
9322
2658
12981
28285
4751
32521
21180
25260
20085
16957
25517
25207
28797
19500
30984
32555
8526
19764
17095
9646
25543
8194
18158
16832
15159
9979
22884
9857
465
6362
17921
24627
858
155
24808
21314
12325
29849
28951
19585
31809
18675
10556
26295
16113
16691
8906
26970
9820
1330
3917
1178
4998
23862
5115
3746
29311
31070
907
9754
25307
18496
27210
24048
17505
8400
8299
22104
31752
17284
22174
26385
1311
30389
20709
16106
8907
16969
17315
7302
17846
3727
1782
1116
31238
10858
5191
6145
29068
31922
544
29354
32318
25815
29245
12013
4328
3783
9701
31175
4126
15890
11387
22243
7029
21580
24656
31257
3827
5812
9659
23094
23235
30482
8300
24827
813
25574
21245
23656
23750
25534
23754
5434
22756
32744
18947
11954
30293
16969
10751
13208
10833
19085
24531
29824
21932
16001
24868
6988
6736
6588
22329
6130
9451
8325
22100
19071
16101
31217
8003
3676
15509
13644
7986
2768
7092
16058
8643
27847
26130
1822
26977
28114
11399
25403
8657
19566
11821
26138
24841
6537
32716
15019
10822
32578
18326
16558
10073
25841
24853
28884
3137
5223
32097
19490
22783
17527
5014
23191
28070
11445
13701
32014
9394
1661
7338
5734
26522
7991
863
20447
29097
24538
7758
31943
13577
28079
18988
24919
5665
18520
16805
24792
28961
2320
28562
22281
7642
10036
12658
8389
26068
26115
7704
6113
8346
20386
9377
1620
27225
24930
6057
21658
10409
19782
30911
30554
20907
29888
6165
24646
10580
188
23676
30274
26888
15071
18320
22729
1387
3089
2608
29325
1652
17465
15666
8030
9667
3911
4692
26957
10036
15224
4469
8465
8116
13525
13829
21930
7763
23038
186
28484
27547
3621
20868
29021
21280
11357
7620
10282
11097
16405
22201
17719
4014
9951
5178
12111
210
32631
22443
2459
24403
2560
31530
13837
29808
23952
8457
22272
32042
5871
14209
5144
27550
25756
25764
9840
21137
5137
28308
28660
12109
1096
29683
8715
1452
8574
2202
14202
626
20023
2702
17797
6111
23938
17199
26710
18565
638
10419
20131
5208
22813
21459
10380
15364
27688
32196
32194
20099
23684
6761
12014
13550
3507
25287
9809
12435
31645
25529
31655
32585
7569
25829
3922
6656
31367
15342
24756
16796
21160
24556
9181
19972
528
20761
23142
29557
210
10444
29596
29213
9276
26028
14306
25573
1373
18461
848
7310
12485
21247
5024
20479
908
17560
27979
29405
22934
7118
7151
2397
28948
32154
20980
22614
10062
3769
11119
11419
29345
5541
6214
11399
15811
30915
12694
26585
2127
27870
32337
6594
28797
26580
27436
20797
2608
11151
31160
29599
10039
32055
27342
19823
29900
23718
26673
9591
4705
20509
29039
1563
1437
6197
4104
12522
12193
24600
5842
28787
10127
15856
28828
15450
7757
6048
16914
25515
12166
16307
25313
12653
17394
24209
29211
16251
26840
31737
2524
27535
16593
15531
22062
8864
29134
10341
4906
30318
13404
3089
13920
12635
26663
19517
18297
23676
20925
15307
11291
27632
26005
19178
27405
1392
17488
8773
10908
5416
19518
32378
28221
9413
25636
24525
22387
10448
25405
25118
28147
14394
14974
20760
13063
25144
17182
19628
1072
5713
22102
4541
4367
21172
4710
15133
26757
3280
28888
3769
24858
2079
4616
11024
24731
3906
25060
10474
18183
17235
31217
1350
173
30071
25743
26516
910
16050
9597
6180
15368
18944
11167
15071
11446
1185
4095
8757
17810
10420
17939
20054
13916
22023
8510
27813
16448
11566
21400
27497
19123
8402
18930
30150
16286
29004
2325
27629
29374
1650
28747
11151
6218
7089
1313
15511
3799
29277
11370
13848
122
32324
29831
28548
7980
16521
21734
21024
114
17584
1737
24244
23613
29685
23369
15239
13070
13026
12954
24202
8031
32032
30864
10196
22079
29582
19042
78
6972
4240
10671
20656
11141
30378
24766
25772
25680
3405
31754
3688
10362
24560
31998
7730
18797
29539
10749
624
30535
1376
8101
9173
31801
27236
1877
20955
18220
32188
5868
21357
2475
22499
15828
28643
27901
16139
9024
1076
8849
1530
22961
30823
21408
19735
27583
10571
13325
22981
9750
6760
15504
30703
17087
1077
20499
6628
22945
4748
20572
10854
14919
26458
26093
17661
4835
13723
32552
18578
2195
2182
19127
30776
9444
2820
12587
7757
15509
25447
4579
26050
13213
30553
18224
23991
17006
11282
13750
23371
8316
30415
27414
11698
14329
20863
4042
22664
18147
26559
12368
18532
4417
4104
8586
13745
2218
25895
1125
10681
3334
5102
11449
23043
10905
12586
28528
19935
31037
11221
7147
575
238
12172
9377
32712
18316
2883
15113
5929
27613
28727
25275
14252
29138
7460
16338
5130
9227
18872
9364
2436
11932
26184
8789
32047
22290
963
8600
9104
30129
30692
17784
26216
5120
4523
7750
23761
21640
29197
28532
2442
2008
23787
3249
21392
4812
5697
4694
27886
2575
8096
32001
7125
9951
27102
25727
6639
30992
20236
24048
32241
31316
26792
18725
25456
26297
5652
3405
17653
32371
18247
2257
15443
5340
24515
14460
7480
4281
17862
23007
7683
16831
29125
3316
725
12118
4630
14593
32491
17564
5869
14527
16427
32173
14985
4540
22780
31266
22959
15102
31835
6359
12376
14057
16428
242
20135
1123
22989
15392
23069
11061
2289
17954
28432
26548
9388
13705
13913
14754
32458
25021
846
23119
4453
10820
3568
24067
10935
17217
7525
1184
2860
11067
13992
32132
10683
11808
9087
8877
4727
6538
26029
28448
4961
1600
27241
13451
11137
23296
4624
21545
28725
27772
24599
32486
23752
24226
26435
16580
16454
11040
17948
23421
15759
28968
18335
13418
4523
29296
31795
22947
5213
24958
24286
25192
9979
25890
23225
11967
1404
30020
17569
19039
11731
29919
7472
30413
20860
11598
12011
8389
1364
3783
23741
17627
9133
23077
13477
1890
5282
6122
6827
909
28840
132
8216
5588
12646
14799
23270
9625
25799
3548
20854
12812
5709
32497
20097
9804
25256
23760
12625
14543
27015
16188
3633
23043
4526
2490
13090
30261
21320
23701
25807
3763
31871
5924
26563
28205
9291
20303
10714
31841
16263
25168
8181
29944
3146
695
11250
1450
18292
26545
7900
6057
24711
393
11102
18493
8121
22383
23678
21675
29255
29305
25736
32092
20747
31207
22599
9275
30033
25771
10875
10847
20455
25641
31624
20714
30323
27707
4460
8497
31497
31864
3059
8221
25085
3766
10542
20689
10742
20173
11809
19084
6724
32670
18364
26065
19316
12628
30733
17606
7713
11498
25523
15067
5133
14574
5014
22443
16240
7044
32469
6439
15503
32173
28928
2289
27025
5065
8328
18694
20622
12123
2419
21408
30698
7693
24660
29275
3297
31220
12667
12438
7266
20244
105
19740
20001
14887
31623
28420
21992
25754
6167
8661
3885
473
10858
23790
30442
12748
20051
6693
30633
27809
13277
16303
15326
23501
9273
24896
31354
17485
21242
7282
29117
26162
20357
5227
1100
30044
10946
20666
11395
3974
9496
899
14860
21379
30873
31452
3505
32198
4985
16758
18286
11816
22213
12928
6859
15078
11601
1224
15721
13545
3827
4388
9178
331
17390
22544
181
11286
31921
2712
14826
22607
4546
6777
18516
28979
32757
5507
13709
192
29921
20545
11270
20343
32660
9180
19799
12641
14726
17213
17107
9296
31692
27506
15456
9063
29838
29523
20870
21468
12475
32357
30917
28413
28155
22270
2348
3441
18662
13226
31271
14273
7027
27598
21913
24599
8115
24459
4138
10565
10943
5861
15331
7944
5103
23589
18680
17294
7244
21883
18660
5687
27208
25064
26555
30617
28077
15707
4028
3782
16340
12315
27430
5073
21527
19812
14414
9102
3208
1365
9197
154
1764
3594
7614
26011
13762
26629
23369
19657
6672
466
31993
20654
12480
16106
2421
2601
26815
26073
13101
4025
13607
14748
7219
31224
4021
16973
3149
4454
32637
2306
19784
2408
30684
19186
8591
27793
9135
26585
2300
7711
28866
3998
18413
5321
28556
29491
25755
12984
23321
31934
3751
24275
23879
21238
9462
17215
25397
11215
19903
21798
5625
12889
21730
2488
19345
997
17532
23664
1052
2155
27576
2713
18251
10792
18408
10256
30226
12427
980
29003
25763
16978
337
32410
20636
21233
8470
15533
1919
32563
15564
20055
20836
7459
1892
15249
29674
813
18349
4546
24947
19073
8486
22846
26769
4280
24337
1036
30651
31930
30152
14828
18757
2783
11860
9624
2959
25684
12348
10059
22908
17857
23963
4224
5925
14632
13685
19708
1743
10001
12363
7438
10779
740
19181
17686
17277
5782
13200
22084
3055
12679
19744
29858
28903
16043
31960
15957
28294
1513
30223
14368
23058
7360
30805
25385
12454
18992
13246
24576
15912
25048
18302
17117
12412
23132
3766
32041
27383
8969
12174
64
11799
31932
8324
32118
26481
23039
6148
26456
15850
2678
6712
6196
11818
13690
6433
16859
19278
26627
23271
2725
30685
14795
6765
31670
11006
19888
5673
9344
5608
12634
307
6025
15769
24607
2715
9326
23755
27939
28416
29481
8740
6340
18526
25743
7853
21813
4136
23580
30853
32360
1943
22259
13783
18738
31297
29729
13321
11690
3821
21026
7990
20690
6822
26022
32223
12665
10766
11669
9437
7263
13557
26704
10138
11163
12330
11834
6273
21818
29073
5495
11699
19753
6774
17139
7676
15957
31777
3238
18949
7952
10923
4375
1483
9399
12816
26655
5711
6801
8580
20720
14224
8187
24843
341
16054
4546
1348
31292
11408
8913
5509
1393
17472
26636
30765
16556
31285
23419
31030
22990
20314
6827
7946
24680
27789
25681
16792
20605
4691
6449
6054
14985
12490
17470
11881
11457
15327
28163
32595
16797
4032
16193
6188
30612
31125
14042
2404
13862
14443
30445
3752
9248
2672
27971
9651
13084
6758
23274
1895
1095
24914
32543
14108
2663
20596
26994
7224
3356
22396
14116
23039
29029
6907
16340
22957
27495
28440
30042
15042
32106
27268
31476
7582
26661
9648
14240
31821
28731
31293
26568
1444
7429
22196
29220
11917
21650
31351
989
28063
30956
11767
14318
21746
27293
19240
19920
32305
5234
10802
13142
31984
25727
18026
26070
19264
22115
12160
28297
25729
29390
6905
32308
632
26688
10720
27656
12450
8467
14009
7111
10695
31419
16311
3881
13265
589
16687
9854
28127
23102
5195
21652
17558
11629
9731
18907
183
21348
6729
23239
9207
2523
12164
9590
2059
26494
30272
14995
29698
27633
12580
19834
7127
20752
28964
12189
15943
379
16888
6950
21728
22610
31436
4318
2651
3645
1849
19789
27435
30640
15476
6435
1110
30829
3781
30934
25732
20554
15163
32653
13141
9524
14751
18749
21240
28276
2726
24593
16378
9521
13930
4368
9051
24118
3867
29690
19175
12534
3058
10866
31683
4045
20583
6754
21319
30089
13220
10140
10763
3113
23609
12477
11589
12517
17425
21335
8786
31086
14501
15183
2194
7798
11119
387
3449
28531
26274
23984
1763
13216
31256
12180
26536
7237
29836
9039
25201
11321
15625
29967
11978
14501
8354
6124
9336
26378
26724
17425
8460
19590
2953
12317
27576
4691
20974
31177
2914
17296
31432
458
17143
10308
15250
16121
10242
20896
11082
19633
1917
15236
28124
14456
3302
10053
13279
21218
24470
5038
25215
1971
10831
30276
30650
324
16660
6606
32464
6952
22845
17941
10484
26638
1994
5353
24136
20201
31224
6244
23304
847
7186
13939
11525
23839
8842
23953
9558
21351
10568
30422
4682
7813
23874
14641
21921
17804
25677
16882
11003
6889
30514
5771
12944
27718
25093
29591
5154
27054
24242
3355
20016
2034
32217
9228
1389
25164
4572
5394
26736
24387
20534
17548
31661
7374
7438
3028
24996
26556
13579
3012
29528
16979
10603
2169
15619
15928
25167
12886
13064
11663
7001
76
13097
28514
3705
32601
9722
23367
16644
15183
21653
4157
9991
9431
18064
10968
4314
6325
15404
9886
5880
27726
6351
28336
30733
9063
20917
25005
7505
13103
13538
19667
14613
30336
7259
8807
13211
14178
24981
28503
23083
29137
9518
21535
1123
13248
16091
1257
9167
15965
27042
5368
29114
19607
73
4422
12099
8925
24078
11884
11187
19497
14232
3523
1293
10302
46
24009
22247
12078
12071
22982
19321
3614
31137
27823
17140
333
21622
31562
1301
3923
21100
6547
12537
2471
12972
12127
24371
30308
13174
20543
10780
18253
32018
19111
4202
526
14602
12879
26116
15813
10646
27098
18197
6592
21848
28598
16735
4488
6985
29251
10195
21023
17140
28471
17502
29831
23778
25153
23557
16771
1877
18156
14644
25250
27449
29127
12371
9336
1367
1219
21147
11823
4044
732
17192
21055
8121
18171
25167
23673
19261
25115
17201
330
27552
9387
8080
21054
20433
22324
15842
23491
29459
26172
32164
20528
3059
1386
32241
25605
1917
3563
4691
16244
17583
7187
31193
10529
9262
12360
3178
20007
16440
22300
21080
19291
24794
7353
14904
23508
99
20354
24818
20651
29720
22007
8212
13823
3369
7129
22124
18748
17892
23183
7893
9373
20265
16585
26961
17392
4638
15715
10840
18074
31267
29068
5232
4826
6921
3623
4094
15954
1918
8305
25948
24515
27596
4581
19755
11800
16580
24413
23275
4262
10996
19321
30153
1202
23073
4164
21431
31795
31985
21525
10946
6618
7399
26036
3232
28240
30356
958
8329
6847
8716
13131
12105
31891
8088
27085
13714
18050
7338
3644
28822
10953
1302
5488
6357
31417
13438
15822
16180
24435
23566
11814
80
4080
28778
31708
529
10308
13285
23622
28546
1571
12532
1366
26336
20132
14562
377
3569
325
15045
31422
16534
15407
1712
16699
3492
5564
20778
4269
30192
12087
2783
22878
8617
25827
24726
4172
32747
16190
30563
19079
1168
2438
14622
10203
30794
12669
17683
20655
3823
21610
22779
2861
14355
7520
17964
11171
24028
22722
18188
25641
1554
24839
18635
14213
2422
18619
32082
4939
21845
26054
18806
21833
27484
8689
25458
16417
5038
13478
13716
9016
30004
10743
22838
14799
2100
23267
15856
1392
5926
15060
20748
10124
16835
7787
14650
32354
13918
24448
31365
2338
5495
613
5766
22355
13198
16491
31960
1906
11573
7080
24524
6364
361
24567
16733
5358
9762
13631
19558
21354
19241
9977
19986
24092
16170
17644
25492
14270
11018
16699
12313
2586
6010
12194
12027
32622
28877
18941
30264
19220
32006
24074
32034
9570
30774
18543
15192
16080
19205
8447
13300
28248
3982
31801
16646
7971
22640
26129
13122
16737
28193
31220
6645
17017
30342
15366
18238
20578
15041
6062
25722
27728
32587
10068
11008
4244
8770
10601
5391
28093
29700
18088
6916
772
32252
3484
20688
5607
11196
18275
30634
19731
2636
2481
22529
29319
4546
10776
30645
8439
11539
30342
134
24686
29737
22287
27341
30264
19510
15596
16490
27647
25159
708
3069
4660
13340
8747
18521
433
6967
25193
25653
24732
3635
25724
11813
28302
3159
12384
15561
7156
26475
10125
10052
12470
24522
194
8688
17943
18105
12545
21329
6109
6903
26074
30023
28849
21398
29933
5767
13768
19720
25771
4171
21955
3197
29276
1097
7892
19821
14694
30434
16419
3440
24524
22941
31344
2646
27637
6611
17401
26228
10159
1964
25502
26428
13427
10570
18243
529
13547
20035
6518
11097
12209
30549
23121
7123
3930
26197
32674
42
25523
27241
24650
18123
18506
15479
28387
32756
5168
32733
1958
1038
14078
15203
21899
21565
26390
24173
4785
26933
1323
9846
10241
25679
22788
30905
28687
22236
2940
1073
8512
5049
462
16324
9010
16164
32271
6332
21336
4301
10492
25974
31973
31792
26870
28766
2028
13091
10827
12059
9157
13995
31927
31238
28850
27156
10795
22497
27842
23617
10956
12742
10230
15168
6719
861
931
9761
4644
23378
279
20745
3552
16390
25471
12162
15264
19589
10505
6421
24219
6585
8005
7195
9879
18397
5841
29392
8366
15411
31285
20137
9554
26362
19468
28136
26511
9627
20581
12141
2448
5411
25960
6351
23141
26869
20285
683
8451
6593
31529
24380
6284
176
32250
20268
465
13025
20902
30890
28182
12569
5679
21693
10005
16310
22985
26328
22597
31461
11327
4782
23899
31509
403
1095
23057
7596
10213
24148
32551
17912
21653
8896
8360
10856
3244
2439
367
508
27768
14795
30697
9722
4727
6437
20509
31715
12663
9529
3817
15269
3578
2957
31374
26130
27359
29595
3183
32657
10559
12068
12309
25363
8086
17608
29559
16713
27683
2260
3192
8213
18065
14427
22450
28222
5334
19080
13426
32615
18268
27698
25091
1090
16478
22961
16944
21249
19094
2800
9476
5133
25365
26052
468
9979
23154
27260
16768
21436
4390
3770
32245
7187
21303
14977
23286
16716
5908
7054
23581
21036
9152
17132
23580
21796
25139
16579
2377
25289
24062
12913
2906
17545
14637
30427
13932
27542
6001
32005
28491
21543
17535
24801
9453
10464
