1 29910
2 26737
3 15295
4 30245
5 11762
6 1470
7 9267
8 11513
9 9518
10 2089
11 13014
12 21666
13 29624
14 2871
15 8171
16 25578
17 5768
18 13327
19 26569
20 25183
21 16707
22 18643
23 21723
24 23112
25 22623
26 21040
27 27372
28 9950
29 22153
30 31540
31 6049
32 29369
33 8515
34 9056
35 19527
36 31369
37 4306
38 22271
39 25807
40 26630
41 12119
42 8630
43 23
44 22826
45 29500
46 28507
47 11628
48 26525
49 30929
50 28426
51 4940
52 17521
53 32567
54 11382
55 29552
56 15375
57 11390
58 21374
59 12298
60 13937
61 23818
62 20993
63 13899
64 1938
65 571
66 19442
67 29224
68 9251
69 21581
70 5551
71 12126
72 3712
73 23420
74 10382
75 2995
76 4066
77 5228
78 17849
79 24191
80 4566
81 13257
82 15165
83 14700
84 11246
85 19754
86 32605
87 26234
88 14774
89 24892
90 5676
91 1862
92 3305
93 5916
94 30043
95 14731
96 4069
97 9476
98 23119
99 25833
100 27741
101 11306
102 18038
103 5605
104 2638
105 3045
106 5596
107 2610
108 31540
109 28690
110 25593
111 21039
112 9597
113 7862
114 13006
115 11184
116 17470
117 18661
118 2096
119 31233
120 3877
121 25314
122 30051
123 32552
124 7855
125 18311
126 15594
127 14955
128 24730
129 10983
130 2718
131 4114
132 12446
133 8243
134 29182
135 7790
136 26968
137 14042
138 9926
139 25626
140 391
141 29428
142 9155
143 7041
144 2426
145 9441
146 13285
147 28576
148 7369
149 25645
150 4502
151 28174
152 7236
153 12727
154 4170
155 23097
156 17449
157 1299
158 1111
159 17906
160 29338
161 18732
162 23816
163 4908
164 12877
165 3118
166 9452
167 17152
168 23942
169 26275
170 23668
171 13813
172 27970
173 24028
174 25277
175 16767
176 18613
177 17810
178 24747
179 16069
180 10487
181 25805
182 27191
183 30375
184 25851
185 25093
186 18954
187 3840
188 14784
189 14983
190 11082
191 23848
192 25291
193 18715
194 5556
195 16830
196 5844
197 8164
198 28651
199 29092
200 15552
201 14727
202 31759
203 20554
204 27855
205 17808
206 658
207 16176
208 4631
209 5137
210 8007
211 1702
212 16433
213 25739
214 25788
215 15319
216 4402
217 7186
218 18890
219 18437
220 8156
221 9901
222 5482
223 29974
224 29206
225 2044
226 15562
227 9040
228 26522
229 24349
230 26529
231 3169
232 238
233 25039
234 3775
235 14242
236 4757
237 4824
238 26856
239 924
240 14470
241 14245
242 6626
243 26828
244 7645
245 20785
246 22477
247 22947
248 27857
249 7208
250 31411
251 25553
252 31462
253 23627
254 10848
255 30403
256 1379
257 30486
258 7796
259 29546
260 4615
261 8608
262 9398
263 26943
264 18424
265 9668
266 25003
267 9348
268 21756
269 638
270 32616
271 29132
272 13035
273 27543
274 16036
275 15037
276 24933
277 27781
278 7697
279 24597
280 26560
281 12941
282 3053
283 29931
284 13124
285 16938
286 21971
287 16184
288 9627
289 7090
290 19160
291 8597
292 26499
293 4919
294 17363
295 21062
296 21446
297 24491
298 1532
299 888
300 3692
301 9544
302 13241
303 24775
304 7215
305 32559
306 16308
307 1539
308 3631
309 19536
310 5681
311 21300
312 5607
313 17289
314 28831
315 16859
316 5472
317 4882
318 1900
319 8059
320 32676
321 3864
322 5662
323 20824
324 7542
325 13224
326 26016
327 1407
328 2624
329 32207
330 20697
331 29958
332 32077
333 24576
334 30595
335 7061
336 13112
337 21941
338 4923
339 2086
340 2981
341 23129
342 8916
343 11016
344 12078
345 18278
346 24561
347 17706
348 20897
349 24011
350 13011
351 23702
352 25704
353 32400
354 6255
355 23100
356 19784
357 22204
358 11972
359 13553
360 30031
361 631
362 23403
363 19895
364 17415
365 27500
366 16496
367 24895
368 23280
369 26225
370 29536
371 12972
372 9517
373 21610
374 10915
375 21402
376 3966
377 19050
378 21772
379 11615
380 31854
381 1308
382 20399
383 12176
384 18638
385 11106
386 11763
387 18376
388 29793
389 9275
390 18408
391 1700
392 17113
393 1002
394 730
395 5650
396 26882
397 21589
398 2086
399 25804
400 6718
401 15531
402 24140
403 11039
404 2609
405 19529
406 6214
407 11505
408 14013
409 27871
410 3864
411 23810
412 3633
413 16334
414 22953
415 17778
416 17853
417 27349
418 30417
419 22916
420 29738
421 6125
422 23987
423 5281
424 17607
425 11377
426 26701
427 2720
428 22183
429 31618
430 19533
431 19780
432 7177
433 30634
434 5670
435 19206
436 19992
437 10175
438 23140
439 2837
440 18645
441 25355
442 4412
443 27292
444 25425
445 6313
446 20584
447 16195
448 6175
449 9778
450 22322
451 760
452 4617
453 410
454 8398
455 27887
456 28930
457 14932
458 28908
459 7143
460 23388
461 5565
462 3726
463 13744
464 12091
465 19127
466 8471
467 8170
468 26698
469 8340
470 25509
471 13839
472 3500
473 30007
474 8865
475 8372
476 15414
477 28277
478 14229
479 12811
480 8411
481 23233
482 30525
483 27565
484 30567
485 1289
486 17888
487 4502
488 24945
489 32731
490 17888
491 28273
492 10634
493 11212
494 21649
495 11543
496 18107
497 32026
498 18759
499 27474
500 13359
501 17552
502 10931
503 27110
504 28972
505 32682
506 20079
507 32210
508 15688
509 29690
510 5847
511 9939
512 25817
513 6602
514 17179
515 28458
516 12717
517 6659
518 1426
519 30879
520 21499
521 25422
522 21585
523 23238
524 22426
525 6776
526 10237
527 13953
528 31089
529 27163
530 7389
531 8902
532 28975
533 30075
534 10803
535 22178
536 828
537 29358
538 25549
539 13438
540 28399
541 12288
542 31191
543 6818
544 3329
545 2197
546 27379
547 7415
548 12865
549 3152
550 7308
551 3089
552 10890
553 24308
554 19814
555 28012
556 24562
557 4745
558 5754
559 18678
560 581
561 258
562 28162
563 28622
564 17074
565 26908
566 24784
567 8268
568 30659
569 21129
570 30179
571 11073
572 15763
573 32078
574 28732
575 32384
576 26171
577 24682
578 25326
579 14493
580 20109
581 31672
582 19317
583 10740
584 27397
585 278
586 9800
587 26349
588 8444
589 6343
590 12722
591 20351
592 16415
593 17686
594 21213
595 12275
596 12320
597 10556
598 20784
599 24299
600 9899
601 14212
602 23514
603 31906
604 31132
605 2733
606 3503
607 14197
608 24943
609 28304
610 25396
611 14755
612 16375
613 23555
614 22261
615 9297
616 16211
617 27644
618 6175
619 15313
620 23839
621 1530
622 3914
623 10531
624 13799
625 19872
626 9623
627 29884
628 9441
629 5027
630 507
631 7815
632 3035
633 19943
634 12506
635 30506
636 22386
637 23269
638 27096
639 7818
640 4997
641 5200
642 26604
643 19345
644 9193
645 29944
646 1974
647 16687
648 30046
649 21998
650 8210
651 5278
652 15042
653 1769
654 18669
655 10475
656 2693
657 17896
658 1111
659 946
660 28765
661 23065
662 32218
663 24361
664 18235
665 22010
666 21514
667 7519
668 28541
669 17598
670 8286
671 198
672 13669
673 18162
674 12606
675 19952
676 31690
677 25184
678 10845
679 14998
680 32525
681 2356
682 32585
683 19934
684 17487
685 7261
686 31809
687 5597
688 2273
689 27958
690 20806
691 22107
692 17916
693 614
694 21364
695 5335
696 7347
697 9221
698 26771
699 9675
700 15909
701 29440
702 20714
703 7986
704 9207
705 4030
706 17235
707 21574
708 11522
709 5123
710 3989
711 16014
712 29256
713 25621
714 15085
715 30744
716 26669
717 6942
718 19182
719 11012
720 8164
721 5842
722 12940
723 6722
724 15655
725 26193
726 5491
727 10139
728 29739
729 8271
730 21917
731 31478
732 9171
733 25714
734 7971
735 11988
736 24612
737 3067
738 26195
739 9758
740 249
741 19881
742 3076
743 28448
744 2295
745 22746
746 7206
747 22485
748 30916
749 11252
750 23197
751 5989
752 25204
753 10755
754 4688
755 12524
756 20804
757 13220
758 23164
759 29565
760 22923
761 18209
762 17999
763 15207
764 25837
765 27613
766 12978
767 22710
768 3794
769 27891
770 9830
771 16125
772 9494
773 10010
774 30802
775 25171
776 8451
777 28108
778 12315
779 26012
780 11388
781 19367
782 21750
783 32266
784 1914
785 8723
786 7866
787 12259
788 25021
789 27685
790 15674
791 18564
792 31931
793 10435
794 10705
795 14758
796 10717
797 12297
798 14142
799 14816
800 30954
801 30700
802 21426
803 20077
804 10947
805 3101
806 12584
807 8752
808 15442
809 15664
810 18421
811 19957
812 7613
813 19198
814 26528
815 30202
816 27103
817 3656
818 18931
819 24750
820 12792
821 26013
822 23634
823 27320
824 12707
825 27005
826 13132
827 31803
828 32521
829 11198
830 23664
831 25432
832 2901
833 1583
834 610
835 14325
836 1896
837 15484
838 5934
839 11453
840 205
841 30033
842 30939
843 29032
844 19183
845 20162
846 17476
847 2621
848 2185
849 4587
850 18979
851 16597
852 26975
853 18899
854 23151
855 4641
856 28716
857 16791
858 23016
859 15791
860 21723
861 11716
862 22000
863 23080
864 22265
865 1284
866 2716
867 4894
868 5227
869 19453
870 3851
871 29700
872 14428
873 22646
874 7158
875 25726
876 5754
877 20411
878 8329
879 14812
880 1634
881 25667
882 6513
883 480
884 4952
885 5777
886 24119
887 27336
888 21564
889 32088
890 22732
891 27784
892 32697
893 22754
894 23397
895 5976
896 4288
897 30130
898 2184
899 11118
900 3893
901 8809
902 359
903 24077
904 20712
905 15590
906 20078
907 28606
908 18118
909 6833
910 13848
911 30686
912 10833
913 20634
914 30214
915 2392
916 8013
917 7581
918 4690
919 5300
920 7612
921 32009
922 12065
923 11089
924 14349
925 9186
926 10359
927 2030
928 4497
929 28035
930 23632
931 111
932 6446
933 31623
934 23276
935 17630
936 23639
937 3306
938 29034
939 4017
940 1595
941 20588
942 17048
943 11083
944 24381
945 13878
946 25098
947 28869
948 24741
949 1216
950 9577
951 9197
952 12437
953 13554
954 8206
955 20623
956 6718
957 22922
958 31951
959 3316
960 22099
961 5565
962 10777
963 17833
964 14270
965 26401
966 3136
967 30337
968 4243
969 18122
970 10770
971 29917
972 25410
973 26035
974 1970
975 12075
976 13328
977 2144
978 9124
979 1453
980 3784
981 17858
982 18980
983 8316
984 5293
985 11611
986 12988
987 26316
988 9908
989 6307
990 7189
991 31601
992 32752
993 11177
994 23054
995 25251
996 21582
997 18685
998 2571
999 13566
1000 18306
1001 31950
1002 24975
1003 972
1004 20545
1005 9040
1006 19214
1007 21127
1008 23473
1009 20064
1010 17660
1011 18842
1012 17694
1013 11883
1014 14122
1015 1640
1016 30190
1017 652
1018 12882
1019 11407
1020 16855
1021 21492
1022 19953
1023 7278
1024 21327
1025 143
1026 6228
1027 29413
1028 15428
1029 22757
1030 19702
1031 13915
1032 32526
1033 21822
1034 17673
1035 21766
1036 9122
1037 9737
1038 22099
1039 22630
1040 11528
1041 9086
1042 5179
1043 29203
1044 783
1045 24707
1046 10020
1047 17849
1048 9279
1049 25804
1050 11769
1051 5217
1052 13327
1053 21063
1054 24073
1055 11506
1056 14680
1057 31159
1058 21782
1059 17911
1060 8458
1061 8862
1062 20904
1063 9378
1064 22814
1065 2657
1066 17831
1067 13585
1068 6091
1069 24231
1070 30505
1071 30673
1072 8957
1073 14082
1074 9097
1075 26785
1076 11267
1077 20945
1078 22713
1079 17016
1080 4999
1081 6245
1082 30937
1083 17609
1084 10692
1085 11874
1086 7176
1087 24069
1088 16115
1089 4200
1090 17530
1091 24418
1092 6150
1093 1523
1094 6346
1095 7643
1096 7065
1097 27264
1098 6290
1099 9335
1100 19238
1101 4594
1102 32570
1103 23503
1104 23672
1105 19507
1106 18701
1107 19146
1108 1890
1109 19486
1110 3730
1111 21676
1112 23472
1113 30109
1114 10777
1115 6223
1116 13150
1117 22286
1118 23444
1119 21679
1120 5384
1121 20972
1122 24232
1123 30381
1124 6818
1125 13995
1126 9988
1127 13324
1128 12393
1129 22499
1130 14066
1131 22464
1132 16409
1133 22705
1134 17451
1135 9064
1136 7265
1137 14939
1138 7920
1139 27161
1140 16532
1141 27954
1142 3926
1143 18525
1144 14497
1145 26813
1146 7394
1147 7547
1148 17733
1149 3859
1150 29781
1151 10745
1152 4223
1153 24457
1154 24521
1155 30560
1156 1605
1157 15501
1158 1277
1159 27967
1160 9589
1161 18642
1162 24046
1163 14194
1164 23822
1165 8110
1166 8103
1167 24996
1168 18848
1169 27840
1170 857
1171 19475
1172 26369
1173 9941
1174 9646
1175 23955
1176 2626
1177 29196
1178 28763
1179 5846
1180 14305
1181 27961
1182 16885
1183 27370
1184 10816
1185 28296
1186 18437
1187 259
1188 7254
1189 29539
1190 16222
1191 17275
1192 11429
1193 18325
1194 3758
1195 24599
1196 27756
1197 10159
1198 28500
1199 7564
1200 28445
1201 25258
1202 6257
1203 10818
1204 28177
1205 16079
1206 8258
1207 18519
1208 21627
1209 9684
1210 1965
1211 31463
1212 18331
1213 23624
1214 9241
1215 6283
1216 32564
1217 18481
1218 23427
1219 26399
1220 575
1221 2803
1222 26318
1223 9417
1224 7137
1225 29299
1226 3675
1227 8758
1228 7323
1229 1405
1230 5338
1231 21031
1232 15297
1233 12131
1234 17504
1235 29229
1236 11565
1237 20199
1238 20921
1239 12464
1240 16180
1241 11355
1242 2559
1243 29750
1244 5337
1245 6919
1246 32363
1247 10210
1248 20545
1249 18891
1250 8812
1251 12603
1252 16743
1253 1798
1254 4086
1255 29488
1256 27921
1257 31670
1258 26141
1259 600
1260 3
1261 8672
1262 30178
1263 28286
1264 626
1265 31282
1266 12621
1267 17756
1268 24507
1269 17639
1270 4284
1271 12967
1272 5717
1273 16875
1274 25210
1275 24908
1276 9220
1277 15423
1278 14483
1279 506
1280 592
1281 25760
1282 26855
1283 6880
1284 18230
1285 16227
1286 21374
1287 1208
1288 15901
1289 10660
1290 25371
1291 14596
1292 3340
1293 14751
1294 31764
1295 21911
1296 14873
1297 32350
1298 19808
1299 31064
1300 9509
1301 25237
1302 14322
1303 24131
1304 18886
1305 14026
1306 16453
1307 21680
1308 23941
1309 9912
1310 15929
1311 984
1312 7754
1313 7670
1314 16157
1315 5013
1316 25876
1317 24532
1318 19981
1319 9065
1320 20717
1321 22150
1322 5758
1323 12994
1324 7710
1325 23940
1326 5399
1327 24188
1328 32159
1329 2864
1330 19139
1331 6056
1332 209
1333 15801
1334 9732
1335 14220
1336 28015
1337 28480
1338 5770
1339 5354
1340 3522
1341 5434
1342 32516
1343 32390
1344 20757
1345 3862
1346 31030
1347 16098
1348 20585
1349 26655
1350 8267
1351 3404
1352 2922
1353 28835
1354 21869
1355 4122
1356 29089
1357 29269
1358 12948
1359 21557
1360 3050
1361 1008
1362 8091
1363 24020
1364 23081
1365 16413
1366 15769
1367 13962
1368 14649
1369 25495
1370 7278
1371 7299
1372 25893
1373 5773
1374 28316
1375 14091
1376 27547
1377 25928
1378 12121
1379 29775
1380 8861
1381 11277
1382 28386
1383 29800
1384 30586
1385 31301
1386 14609
1387 9621
1388 10749
1389 12507
1390 18994
1391 30152
1392 18404
1393 24550
1394 1555
1395 15717
1396 31891
1397 10120
1398 25946
1399 18246
1400 2314
1401 8213
1402 19739
1403 6658
1404 30741
1405 3448
1406 1194
1407 26223
1408 25282
1409 25043
1410 15790
1411 16229
1412 22808
1413 21350
1414 25207
1415 32453
1416 17158
1417 2482
1418 7826
1419 31674
1420 19866
1421 9694
1422 21914
1423 30271
1424 14452
1425 10841
1426 31824
1427 23522
1428 6009
1429 1473
1430 2030
1431 18887
1432 23756
1433 17668
1434 26553
1435 28655
1436 16122
1437 12485
1438 15574
1439 14778
1440 20340
1441 23041
1442 17502
1443 24491
1444 21827
1445 23026
1446 10165
1447 18028
1448 16375
1449 18739
1450 10007
1451 20242
1452 18144
1453 12838
1454 21107
1455 31905
1456 2177
1457 659
1458 17533
1459 4819
1460 15938
1461 16529
1462 5119
1463 4629
1464 22629
1465 1706
1466 28527
1467 13523
1468 5691
1469 2874
1470 5831
1471 20981
1472 28312
1473 14104
1474 10129
1475 18602
1476 23684
1477 3960
1478 28481
1479 22884
1480 25651
1481 30480
1482 14280
1483 4132
1484 25656
1485 2682
1486 16998
1487 9207
1488 1781
1489 7130
1490 25792
1491 28608
1492 26710
1493 4544
1494 31794
1495 26681
1496 17343
1497 11600
1498 11110
1499 13109
1500 15938
1501 31648
1502 5670
1503 17448
1504 8470
1505 30305
1506 3950
1507 8680
1508 6212
1509 6082
1510 28102
1511 14773
1512 18852
1513 26001
1514 31182
1515 25464
1516 22536
1517 14243
1518 11035
1519 31560
1520 9911
1521 15735
1522 10049
1523 13362
1524 28957
1525 1814
1526 14129
1527 2106
1528 2752
1529 5437
1530 9926
1531 27037
1532 23414
1533 13502
1534 17050
1535 6489
1536 27606
1537 10532
1538 26654
1539 18159
1540 5612
1541 27286
1542 23530
1543 23912
1544 11825
1545 31486
1546 23121
1547 8598
1548 14521
1549 5738
1550 5689
1551 1436
1552 32431
1553 17074
1554 6697
1555 21937
1556 6143
1557 603
1558 16292
1559 8736
1560 15698
1561 11963
1562 12470
1563 2707
1564 30271
1565 15710
1566 10188
1567 20114
1568 30655
1569 29865
1570 25033
1571 18247
1572 18146
1573 21437
1574 30293
1575 11908
1576 29633
1577 12702
1578 2680
1579 22279
1580 180
1581 22421
1582 4457
1583 14844
1584 18885
1585 6866
1586 4000
1587 32195
1588 100
1589 14678
1590 5170
1591 23028
1592 3932
1593 32272
1594 23646
1595 31904
1596 31493
1597 28742
1598 21859
1599 21722
1600 4539
1601 4663
1602 28821
1603 26230
1604 144
1605 29439
1606 32176
1607 2833
1608 8254
1609 6074
1610 32620
1611 17490
1612 3680
1613 32748
1614 11858
1615 878
1616 26337
1617 18721
1618 7629
1619 2546
1620 12724
1621 13776
1622 14212
1623 18365
1624 22725
1625 7045
1626 231
1627 23115
1628 14896
1629 31807
1630 24328
1631 4410
1632 10930
1633 20247
1634 19629
1635 7174
1636 31836
1637 15395
1638 13987
1639 17688
1640 23951
1641 20378
1642 29269
1643 24063
1644 9252
1645 26681
1646 669
1647 16637
1648 22763
1649 25829
1650 7897
1651 3013
1652 5975
1653 21905
1654 12354
1655 30595
1656 5495
1657 13154
1658 14713
1659 29213
1660 26664
1661 25617
1662 23651
1663 23736
1664 22410
1665 3218
1666 29239
1667 4991
1668 22448
1669 30451
1670 27093
1671 8863
1672 31132
1673 3974
1674 24666
1675 19606
1676 26730
1677 15682
1678 10225
1679 17838
1680 18123
1681 6503
1682 12524
1683 18628
1684 181
1685 19041
1686 2323
1687 26958
1688 25945
1689 1519
1690 25915
1691 18077
1692 7510
1693 32388
1694 26907
1695 1119
1696 20780
1697 16366
1698 8540
1699 11367
1700 5107
1701 16181
1702 25583
1703 23985
1704 26189
1705 8646
1706 2723
1707 27808
1708 26009
1709 32720
1710 15351
1711 22667
1712 31593
1713 9711
1714 13868
1715 14968
1716 8502
1717 6664
1718 20639
1719 4391
1720 3155
1721 26484
1722 10070
1723 3667
1724 22048
1725 30304
1726 9433
1727 18740
1728 29824
1729 29299
1730 24131
1731 31304
1732 5773
1733 1202
1734 30104
1735 9299
1736 14730
1737 25761
1738 30297
1739 20133
1740 2584
1741 1195
1742 24662
1743 13467
1744 26029
1745 24004
1746 21700
1747 3688
1748 4163
1749 7757
1750 6543
1751 22293
1752 29261
1753 16440
1754 26354
1755 13255
1756 29423
1757 19052
1758 13124
1759 24641
1760 17006
1761 16747
1762 28949
1763 17577
1764 10470
1765 2866
1766 29561
1767 6287
1768 11579
1769 19041
1770 27812
1771 14123
1772 10321
1773 29851
1774 15031
1775 2278
1776 6272
1777 10288
1778 30426
1779 9757
1780 18754
1781 1273
1782 31371
1783 5921
1784 9007
1785 3204
1786 20277
1787 21890
1788 14380
1789 19825
1790 15365
1791 29325
1792 24543
1793 24092
1794 26105
1795 1811
1796 30822
1797 27261
1798 13882
1799 20588
1800 8008
1801 22860
1802 31403
1803 7868
1804 30379
1805 19560
1806 29890
1807 30837
1808 19144
1809 121
1810 19095
1811 5917
1812 11165
1813 20436
1814 3642
1815 8530
1816 20193
1817 23712
1818 20298
1819 17931
1820 20029
1821 9783
1822 27331
1823 7456
1824 5561
1825 3535
1826 3352
1827 28941
1828 5749
1829 3674
1830 6786
1831 22003
1832 4505
1833 11179
1834 29079
1835 12767
1836 3982
1837 23769
1838 15390
1839 6735
1840 22383
1841 30184
1842 16930
1843 10994
1844 31418
1845 21670
1846 29509
1847 14768
1848 18764
1849 21716
1850 6743
1851 3050
1852 16780
1853 20358
1854 28455
1855 28931
1856 20710
1857 10701
1858 31385
1859 26143
1860 30843
1861 13970
1862 249
1863 10026
1864 10774
1865 28613
1866 26255
1867 20765
1868 29026
1869 19128
1870 17012
1871 31100
1872 15707
1873 11205
1874 5028
1875 24355
1876 24067
1877 15671
1878 19539
1879 6211
1880 2646
1881 11624
1882 10117
1883 25000
1884 639
1885 6182
1886 31961
1887 29501
1888 8780
1889 8027
1890 1701
1891 32209
1892 30688
1893 30445
1894 20040
1895 13851
1896 12968
1897 26596
1898 12988
1899 4348
1900 32400
1901 3787
1902 15723
1903 5381
1904 8054
1905 22872
1906 14660
1907 25913
1908 24798
1909 1871
1910 16397
1911 26900
1912 11752
1913 12963
1914 12795
1915 13772
1916 25984
1917 8926
1918 19328
1919 7382
1920 16085
1921 28612
1922 19812
1923 940
1924 21004
1925 14131
1926 27415
1927 26830
1928 6453
1929 27214
1930 29510
1931 14854
1932 32126
1933 30171
1934 26284
1935 24561
1936 17574
1937 18920
1938 28971
1939 8891
1940 29365
1941 1205
1942 31003
1943 19498
1944 29675
1945 17614
1946 14562
1947 10974
1948 8950
1949 26232
1950 5828
1951 23255
1952 32616
1953 12366
1954 12029
1955 30519
1956 10343
1957 13100
1958 17421
1959 6473
1960 28582
1961 24908
1962 2388
1963 18627
1964 6293
1965 8367
1966 31710
1967 16712
1968 6101
1969 23743
1970 15744
1971 12593
1972 26351
1973 23346
1974 9764
1975 21901
1976 16453
1977 22577
1978 32609
1979 5990
1980 22345
1981 11706
1982 7759
1983 3655
1984 24812
1985 2627
1986 20377
1987 3066
1988 90
1989 31392
1990 18899
1991 5526
1992 27620
1993 19238
1994 6670
1995 28090
1996 24125
1997 1041
1998 16042
1999 5139
2000 10218
2001 1315
2002 25708
2003 24100
2004 29940
2005 1166
2006 31184
2007 3398
2008 6880
2009 29972
2010 3233
2011 1517
2012 736
2013 5997
2014 9670
2015 3118
2016 1099
2017 15081
2018 5983
2019 10622
2020 17227
2021 29014
2022 28945
2023 8125
2024 26582
2025 14884
2026 3741
2027 3443
2028 16607
2029 26823
2030 29880
2031 10073
2032 10189
2033 19037
2034 28695
2035 11035
2036 14380
2037 20113
2038 10953
2039 28508
2040 12194
2041 14271
2042 11209
2043 13562
2044 2597
2045 5721
2046 29908
2047 7572
2048 11884
2049 5001
2050 12920
2051 27466
2052 16035
2053 20247
2054 12910
2055 28100
2056 24931
2057 21646
2058 5161
2059 16502
2060 5857
2061 27546
2062 26543
2063 15906
2064 28262
2065 18357
2066 11944
2067 19870
2068 12287
2069 23298
2070 29620
2071 27607
2072 20085
2073 20601
2074 27650
2075 5910
2076 13695
2077 28997
2078 22303
2079 32642
2080 18487
2081 31082
2082 4363
2083 8423
2084 9163
2085 8107
2086 2706
2087 10677
2088 31349
2089 21675
2090 7129
2091 21324
2092 6829
2093 32082
2094 25912
2095 3958
2096 30365
2097 11378
2098 12871
2099 12085
2100 16341
2101 8107
2102 4924
2103 26304
2104 27456
2105 908
2106 8308
2107 21192
2108 12630
2109 17146
2110 7247
2111 25343
2112 24212
2113 26070
2114 26433
2115 19931
2116 2089
2117 17114
2118 31270
2119 29079
2120 30963
2121 2244
2122 23254
2123 18044
2124 27305
2125 25271
2126 16122
2127 18014
2128 24410
2129 15326
2130 20766
2131 28009
2132 12054
2133 26194
2134 19463
2135 14366
2136 7659
2137 10558
2138 24646
2139 17048
2140 3603
2141 31297
2142 6157
2143 27924
2144 8811
2145 26131
2146 11586
2147 10672
2148 25895
2149 27756
2150 1490
2151 22387
2152 18116
2153 21281
2154 19016
2155 20110
2156 2367
2157 13456
2158 19102
2159 481
2160 27525
2161 19775
2162 9554
2163 22977
2164 10538
2165 19648
2166 25789
2167 11257
2168 8797
2169 11736
2170 1697
2171 29966
2172 16412
2173 23008
2174 8705
2175 14024
2176 26788
2177 7018
2178 7989
2179 8173
2180 6188
2181 9256
2182 13885
2183 24912
2184 29138
2185 10762
2186 10070
2187 21514
2188 23766
2189 24487
2190 25035
2191 21768
2192 518
2193 19422
2194 3342
2195 31174
2196 15737
2197 17597
2198 10247
2199 601
2200 22656
2201 4513
2202 12972
2203 11443
2204 8154
2205 30879
2206 5586
2207 19747
2208 10791
2209 15139
2210 15682
2211 20507
2212 25247
2213 17879
2214 6160
2215 2358
2216 11268
2217 6087
2218 29480
2219 29561
2220 12245
2221 9410
2222 25130
2223 18138
2224 11717
2225 14083
2226 10872
2227 1790
2228 24428
2229 5137
2230 25741
2231 28487
2232 17467
2233 26851
2234 18320
2235 24590
2236 27061
2237 16712
2238 21288
2239 12589
2240 988
2241 3718
2242 19347
2243 3521
2244 27114
2245 321
2246 15346
2247 15662
2248 19266
2249 15007
2250 29415
2251 32099
2252 12454
2253 6314
2254 11618
2255 21087
2256 7594
2257 8694
2258 25528
2259 28403
2260 26217
2261 21635
2262 27894
2263 6858
2264 3446
2265 23524
2266 27764
2267 14760
2268 15894
2269 29345
2270 15789
2271 22511
2272 13996
2273 29403
2274 21069
2275 24679
2276 14196
2277 23086
2278 13964
2279 24382
2280 18804
2281 17628
2282 12219
2283 30286
2284 29104
2285 9255
2286 10524
2287 26271
2288 9374
2289 13310
2290 25335
2291 21293
2292 3545
2293 29660
2294 6122
2295 8427
2296 25
2297 9966
2298 3201
2299 6151
2300 8547
2301 8052
2302 15623
2303 10864
2304 10109
2305 22889
2306 7579
2307 918
2308 14501
2309 10342
2310 8326
2311 17777
2312 17538
2313 31940
2314 30411
2315 5828
2316 26971
2317 1025
2318 16128
2319 26275
2320 14727
2321 10340
2322 5725
2323 2355
2324 29989
2325 13284
2326 16403
2327 4529
2328 3085
2329 6727
2330 22238
2331 3509
2332 31750
2333 11911
2334 15582
2335 1464
2336 24377
2337 18297
2338 15779
2339 26324
2340 16101
2341 6064
2342 5767
2343 14796
2344 32341
2345 15520
2346 22848
2347 19276
2348 29199
2349 18687
2350 23733
2351 10610
2352 30543
2353 20081
2354 12305
2355 6796
2356 8115
2357 10851
2358 17430
2359 28964
2360 17720
2361 6711
2362 16053
2363 24890
2364 6757
2365 23202
2366 11483
2367 15056
2368 2758
2369 22099
2370 1677
2371 11692
2372 32668
2373 10198
2374 14647
2375 31321
2376 23763
2377 29367
2378 11329
2379 13423
2380 18996
2381 22506
2382 29668
2383 31252
2384 7388
2385 2410
2386 9788
2387 17603
2388 29933
2389 16673
2390 1694
2391 14156
2392 25475
2393 7944
2394 31531
2395 3356
2396 11498
2397 12943
2398 165
2399 3775
2400 31502
2401 13119
2402 4226
2403 12195
2404 5170
2405 11422
2406 11583
2407 14623
2408 27109
2409 8531
2410 2295
2411 9907
2412 5170
2413 27018
2414 31284
2415 6034
2416 3352
2417 20634
2418 13061
2419 31069
2420 16442
2421 13797
2422 28241
2423 20530
2424 17110
2425 13568
2426 1898
2427 16357
2428 18427
2429 6421
2430 12261
2431 14989
2432 9463
2433 8069
2434 14250
2435 30787
2436 31247
2437 19921
2438 6983
2439 7206
2440 21364
2441 24250
2442 19594
2443 10915
2444 22130
2445 2727
2446 26958
2447 13555
2448 20201
2449 12104
2450 21653
2451 24036
2452 12545
2453 6777
2454 26071
2455 7133
2456 25370
2457 31849
2458 8858
2459 23580
2460 25602
2461 17659
2462 13891
2463 27459
2464 8555
2465 28780
2466 7212
2467 18195
2468 4764
2469 1847
2470 12278
2471 15735
2472 27494
2473 21813
2474 6177
2475 31940
2476 31578
2477 7177
2478 16089
2479 31039
2480 3385
2481 17595
2482 19731
2483 19424
2484 23212
2485 21667
2486 23513
2487 28245
2488 26677
2489 10633
2490 20450
2491 30794
2492 23910
2493 16650
2494 4966
2495 16872
2496 11601
2497 3901
2498 8752
2499 3995
2500 9023
2501 10391
2502 7157
2503 11033
2504 10149
2505 17164
2506 20708
2507 3488
2508 20819
2509 21111
2510 31870
2511 32638
2512 5871
2513 17468
2514 8872
2515 20695
2516 13474
2517 7724
2518 17151
2519 4003
2520 6673
2521 1193
2522 22123
2523 24310
2524 29839
2525 27658
2526 19191
2527 21380
2528 10640
2529 31041
2530 29152
2531 31076
2532 21857
2533 21946
2534 5099
2535 26388
2536 8727
2537 31367
2538 8188
2539 446
2540 2758
2541 14011
2542 10213
2543 22201
2544 24307
2545 29971
2546 8060
2547 11859
2548 6731
2549 1244
2550 4592
2551 15310
2552 25749
2553 27152
2554 16733
2555 3752
2556 19941
2557 30915
2558 25757
2559 10528
2560 6930
2561 16317
2562 30562
2563 24565
2564 13931
2565 1641
2566 20609
2567 26481
2568 6310
2569 25070
2570 29329
2571 12710
2572 15897
2573 9627
2574 19125
2575 504
2576 31789
2577 12936
2578 20918
2579 23003
2580 19215
2581 27258
2582 17237
2583 8926
2584 22440
2585 18952
2586 24543
2587 14825
2588 29136
2589 28156
2590 27649
2591 16322
2592 10942
2593 2044
2594 25310
2595 21206
2596 14275
2597 1642
2598 3679
2599 5687
2600 27961
2601 29576
2602 31178
2603 10721
2604 26038
2605 20448
2606 29335
2607 30785
2608 10629
2609 27619
2610 2943
2611 31992
2612 27222
2613 1232
2614 21973
2615 26844
2616 10036
2617 10455
2618 17689
2619 18239
2620 19640
2621 9855
2622 28875
2623 2165
2624 9596
2625 2885
2626 10365
2627 5520
2628 11987
2629 30085
2630 3628
2631 20846
2632 9655
2633 15774
2634 10960
2635 10998
2636 24579
2637 14930
2638 12594
2639 9374
2640 17891
2641 9323
2642 25342
2643 30000
2644 32648
2645 23972
2646 19481
2647 9679
2648 11040
2649 7878
2650 18484
2651 20789
2652 12037
2653 20754
2654 1698
2655 26686
2656 31796
2657 5855
2658 102
2659 8106
2660 21762
2661 18308
2662 5265
2663 27422
2664 27658
2665 25208
2666 16075
2667 10605
2668 28522
2669 15800
2670 7215
2671 26134
2672 21551
2673 29545
2674 12892
2675 21518
2676 30221
2677 21183
2678 11464
2679 26047
2680 24404
2681 22557
2682 1112
2683 9808
2684 19743
2685 28798
2686 17710
2687 14375
2688 17358
2689 3091
2690 26307
2691 7340
2692 18359
2693 17453
2694 27189
2695 10576
2696 3609
2697 6238
2698 13026
2699 19919
2700 14929
2701 1755
2702 19765
2703 4017
2704 31569
2705 1061
2706 6080
2707 24343
2708 7501
2709 5609
2710 651
2711 10420
2712 25527
2713 5412
2714 22700
2715 18714
2716 16238
2717 23434
2718 18456
2719 17719
2720 13619
2721 24617
2722 7097
2723 27679
2724 2140
2725 1866
2726 23489
2727 17932
2728 32204
2729 10648
2730 18493
2731 29858
2732 19234
2733 5764
2734 25069
2735 26744
2736 1585
2737 5607
2738 30035
2739 4053
2740 10417
2741 11497
2742 23562
2743 25271
2744 31795
2745 10787
2746 26713
2747 28698
2748 603
2749 15616
2750 12040
2751 20598
2752 11593
2753 7273
2754 9074
2755 8586
2756 31832
2757 161
2758 14812
2759 28504
2760 20747
2761 29805
2762 1029
2763 11889
2764 4164
2765 16761
2766 31742
2767 11122
2768 25527
2769 31735
2770 28988
2771 5071
2772 12191
2773 29065
2774 19436
2775 31695
2776 4271
2777 32609
2778 6790
2779 1496
2780 30284
2781 5030
2782 7589
2783 3821
2784 11513
2785 24090
2786 17942
2787 1141
2788 27923
2789 29691
2790 22831
2791 18238
2792 16830
2793 27431
2794 12130
2795 16321
2796 23583
2797 12419
2798 16658
2799 1960
2800 9932
2801 7580
2802 30116
2803 19597
2804 11648
2805 4495
2806 26842
2807 20485
2808 11540
2809 4391
2810 6748
2811 10461
2812 24490
2813 12870
2814 15256
2815 10659
2816 22828
2817 22150
2818 4044
2819 4200
2820 2037
2821 31007
2822 4705
2823 25541
2824 11725
2825 5132
2826 22395
2827 8476
2828 25883
2829 24681
2830 23246
2831 8224
2832 1622
2833 30240
2834 12467
2835 20376
2836 445
2837 3780
2838 19835
2839 12128
2840 328
2841 28605
2842 22275
2843 11184
2844 26334
2845 16294
2846 13448
2847 15776
2848 31432
2849 19187
2850 20669
2851 29932
2852 24166
2853 31703
2854 16923
2855 20213
2856 5920
2857 2405
2858 19833
2859 32521
2860 17824
2861 8693
2862 30428
2863 3044
2864 23870
2865 5321
2866 5264
2867 26231
2868 28604
2869 16112
2870 6264
2871 24040
2872 24884
2873 16235
2874 930
2875 5337
2876 6222
2877 13967
2878 14366
2879 23533
2880 32438
2881 5290
2882 7441
2883 5512
2884 26062
2885 15337
2886 18693
2887 1751
2888 9120
2889 31097
2890 9859
2891 14865
2892 31766
2893 6637
2894 18148
2895 22012
2896 10861
2897 7392
2898 22372
2899 3762
2900 7911
2901 19419
2902 27768
2903 5029
2904 17600
2905 14457
2906 5986
2907 7905
2908 25700
2909 26056
2910 31234
2911 2449
2912 30175
2913 8435
2914 19695
2915 2501
2916 30613
2917 19742
2918 3014
2919 32114
2920 7475
2921 9874
2922 15298
2923 26298
2924 27365
2925 16666
2926 141
2927 32110
2928 4298
2929 17836
2930 29526
2931 31186
2932 6821
2933 13132
2934 28708
2935 31904
2936 18389
2937 10030
2938 19818
2939 14415
2940 8071
2941 28699
2942 12763
2943 16276
2944 5418
2945 28949
2946 31871
2947 7466
2948 20771
2949 5950
2950 29447
2951 6351
2952 29122
2953 26358
2954 10846
2955 19855
2956 22645
2957 25668
2958 23936
2959 30020
2960 22332
2961 23159
2962 9871
2963 3422
2964 21085
2965 18189
2966 20004
2967 14560
2968 10841
2969 27603
2970 9443
2971 939
2972 542
2973 19534
2974 6994
2975 27391
2976 13694
2977 6746
2978 3051
2979 20287
2980 5088
2981 22033
2982 27503
2983 13044
2984 13110
2985 9454
2986 21374
2987 27413
2988 28463
2989 9266
2990 7013
2991 9350
2992 26797
2993 14983
2994 29495
2995 25310
2996 6521
2997 11492
2998 13599
2999 23661
3000 20534
3001 31408
3002 24820
3003 22398
3004 10387
3005 17706
3006 30222
3007 27865
3008 21445
3009 17928
3010 8024
3011 21388
3012 17717
3013 6494
3014 26023
3015 6635
3016 6005
3017 24258
3018 23626
3019 28630
3020 15737
3021 30126
3022 31715
3023 26170
3024 21508
3025 22822
3026 8053
3027 18394
3028 10080
3029 24218
3030 22461
3031 28496
3032 16722
3033 23565
3034 2246
3035 15950
3036 4941
3037 31095
3038 1464
3039 6698
3040 4326
3041 12648
3042 7920
3043 4506
3044 20104
3045 17647
3046 22102
3047 4028
3048 30825
3049 9914
3050 11755
3051 16473
3052 13756
3053 8574
3054 17570
3055 2410
3056 19497
3057 15770
3058 13681
3059 15835
3060 6010
3061 10743
3062 27815
3063 28048
3064 10647
3065 11314
3066 26496
3067 30374
3068 9908
3069 23549
3070 4599
3071 15355
3072 12745
3073 11714
3074 14043
3075 9456
3076 32066
3077 4234
3078 13861
3079 19053
3080 21496
3081 8990
3082 30089
3083 29990
3084 11873
3085 17515
3086 16203
3087 20765
3088 10243
3089 811
3090 852
3091 31336
3092 26927
3093 12482
3094 11909
3095 18229
3096 22763
3097 7014
3098 3147
3099 29451
3100 11056
3101 13187
3102 26228
3103 3923
3104 8022
3105 8286
3106 22337
3107 23830
3108 716
3109 2040
3110 444
3111 29704
3112 19468
3113 3637
3114 9291
3115 23238
3116 25038
3117 20285
3118 14726
3119 29788
3120 25212
3121 22819
3122 6982
3123 26378
3124 32743
3125 26821
3126 23550
3127 24648
3128 17208
3129 28147
3130 19023
3131 23047
3132 19753
3133 6867
3134 21206
3135 17722
3136 26229
3137 643
3138 13385
3139 15765
3140 29836
3141 2817
3142 14786
3143 10900
3144 9868
3145 13896
3146 28506
3147 29120
3148 28269
3149 1724
3150 1274
3151 7726
3152 6779
3153 712
3154 21358
3155 8520
3156 8970
3157 7110
3158 14267
3159 4303
3160 101
3161 31775
3162 14515
3163 1569
3164 7431
3165 179
3166 10950
3167 696
3168 14350
3169 24955
3170 17947
3171 32244
3172 19436
3173 19820
3174 25312
3175 26
3176 19808
3177 32159
3178 20446
3179 28316
3180 22181
3181 944
3182 30544
3183 28059
3184 4841
3185 22372
3186 17909
3187 31402
3188 32256
3189 26510
3190 2148
3191 9429
3192 19546
3193 12851
3194 12960
3195 1506
3196 3890
3197 10220
3198 17900
3199 24790
3200 26889
3201 24204
3202 18656
3203 2491
3204 26195
3205 22275
3206 1469
3207 31393
3208 20080
3209 23170
3210 766
3211 14819
3212 221
3213 13024
3214 27183
3215 30123
3216 12972
3217 16957
3218 20738
3219 30904
3220 8241
3221 15845
3222 6304
3223 23647
3224 1791
3225 4214
3226 22333
3227 7120
3228 31763
3229 10054
3230 32751
3231 27803
3232 29262
3233 12031
3234 15552
3235 115
3236 1321
3237 908
3238 12034
3239 5169
3240 23460
3241 22329
3242 2530
3243 28700
3244 14207
3245 21781
3246 15168
3247 15719
3248 1197
3249 17051
3250 5822
3251 21755
3252 32006
3253 25746
3254 14103
3255 27511
3256 13372
3257 11058
3258 2483
3259 15989
3260 8208
3261 27016
3262 14456
3263 10000
3264 28869
3265 7196
3266 26082
3267 13731
3268 19925
3269 720
3270 28502
3271 15058
3272 19172
3273 4619
3274 10675
3275 25039
3276 10482
3277 32535
3278 19499
3279 16342
3280 14292
3281 27592
3282 32081
3283 31994
3284 27621
3285 30047
3286 13938
3287 31268
3288 31737
3289 10925
3290 28969
3291 6233
3292 7058
3293 11644
3294 21294
3295 1339
3296 9559
3297 810
3298 19567
3299 12499
3300 18881
3301 22679
3302 23394
3303 20621
3304 5656
3305 15682
3306 27545
3307 4996
3308 26526
3309 6574
3310 663
3311 27648
3312 7946
3313 25867
3314 12002
3315 4669
3316 10295
3317 24082
3318 27993
3319 9327
3320 10782
3321 19249
3322 30920
3323 2050
3324 29442
3325 1512
3326 14266
3327 28710
3328 29930
3329 21875
3330 15502
3331 11659
3332 26196
3333 23721
3334 3021
3335 11113
3336 23336
3337 7972
3338 7355
3339 15812
3340 27115
3341 24994
3342 18476
3343 9454
3344 12597
3345 27051
3346 6553
3347 27213
3348 20837
3349 24692
3350 13939
3351 31326
3352 11923
3353 23812
3354 20407
3355 8186
3356 3782
3357 22933
3358 20931
3359 17625
3360 26727
3361 6205
3362 18024
3363 6996
3364 29942
3365 15053
3366 7488
3367 5487
3368 23548
3369 4602
3370 20034
3371 19734
3372 2625
3373 26554
3374 2707
3375 16807
3376 2366
3377 18673
3378 28575
3379 3761
3380 27349
3381 4685
3382 28777
3383 32764
3384 7488
3385 17518
3386 26911
3387 9929
3388 15176
3389 25419
3390 4338
3391 21594
3392 11447
3393 25809
3394 15909
3395 7605
3396 11023
3397 29389
3398 12387
3399 19622
3400 32380
3401 1035
3402 21845
3403 25091
3404 1800
3405 4287
3406 15220
3407 3379
3408 26126
3409 26149
3410 10012
3411 15601
3412 23537
3413 23909
3414 32226
3415 11598
3416 11789
3417 31161
3418 31784
3419 5877
3420 10478
3421 12753
3422 26863
3423 25523
3424 4800
3425 26743
3426 15340
3427 3127
3428 8711
3429 22639
3430 27101
3431 790
3432 19601
3433 30625
3434 19229
3435 20754
3436 680
3437 5498
3438 20598
3439 18075
3440 10892
3441 14479
3442 31287
3443 26262
3444 28704
3445 32643
3446 17799
3447 28254
3448 15587
3449 2347
3450 1017
3451 7944
3452 27682
3453 10225
3454 20833
3455 11244
3456 3948
3457 25718
3458 7141
3459 29280
3460 22343
3461 4988
3462 29271
3463 24263
3464 29729
3465 770
3466 3266
3467 8907
3468 905
3469 688
3470 17218
3471 8422
3472 23967
3473 19318
3474 26393
3475 12583
3476 22217
3477 2673
3478 12800
3479 9011
3480 18856
3481 4878
3482 16315
3483 8586
3484 32075
3485 31857
3486 17904
3487 23051
3488 15266
3489 11800
3490 32313
3491 4027
3492 11317
3493 8123
3494 30328
3495 31170
3496 18197
3497 20599
3498 15211
3499 5046
3500 29715
3501 14636
3502 4480
3503 17180
3504 10801
3505 15908
3506 12266
3507 30252
3508 9046
3509 25589
3510 12788
3511 8149
3512 30790
3513 19368
3514 12949
3515 13569
3516 14544
3517 14874
3518 17989
3519 3866
3520 21578
3521 11939
3522 18192
3523 22477
3524 26170
3525 19702
3526 9961
3527 25102
3528 15190
3529 7752
3530 15424
3531 5212
3532 8879
3533 28085
3534 15575
3535 18502
3536 24361
3537 17375
3538 23249
3539 17198
3540 19758
3541 17880
3542 14348
3543 11341
3544 4259
3545 31554
3546 9136
3547 9207
3548 24347
3549 16308
3550 22024
3551 24608
3552 14923
3553 25440
3554 7825
3555 29216
3556 11967
3557 16115
3558 14417
3559 6579
3560 27339
3561 16061
3562 14442
3563 18756
3564 16835
3565 10514
3566 19183
3567 16235
3568 28526
3569 9200
3570 12790
3571 22964
3572 12217
3573 15841
3574 15087
3575 1186
3576 32425
3577 32291
3578 7732
3579 27891
3580 5267
3581 16391
3582 31969
3583 22054
3584 29327
3585 23959
3586 28901
3587 14907
3588 4906
3589 28027
3590 25433
3591 5818
3592 4955
3593 6174
3594 7441
3595 2806
3596 26553
3597 18444
3598 17777
3599 11155
3600 29162
3601 14751
3602 17282
3603 12102
3604 2655
3605 11738
3606 13637
3607 22748
3608 21054
3609 17557
3610 29000
3611 17022
3612 24992
3613 16858
3614 18038
3615 28211
3616 9725
3617 17040
3618 28211
3619 16294
3620 1252
3621 9302
3622 25769
3623 17194
3624 5872
3625 9394
3626 7004
3627 26107
3628 3831
3629 31595
3630 14853
3631 966
3632 8580
3633 29747
3634 24989
3635 28012
3636 136
3637 19337
3638 9656
3639 19716
3640 16204
3641 21214
3642 12308
3643 2847
3644 12970
3645 8183
3646 17010
3647 6479
3648 8573
3649 19346
3650 2724
3651 17898
3652 22870
3653 844
3654 31976
3655 32011
3656 31601
3657 29378
3658 10356
3659 6874
3660 5607
3661 18423
3662 14930
3663 13069
3664 23844
3665 22262
3666 8814
3667 29103
3668 6556
3669 8376
3670 3822
3671 31008
3672 7610
3673 16711
3674 12737
3675 24926
3676 22553
3677 2340
3678 1147
3679 15490
3680 22007
3681 17894
3682 32352
3683 17550
3684 18919
3685 32293
3686 28862
3687 5733
3688 27333
3689 9366
3690 32129
3691 7707
3692 16111
3693 1655
3694 23553
3695 6255
3696 10162
3697 31022
3698 24606
3699 19862
3700 16643
3701 2861
3702 30607
3703 26939
3704 26992
3705 15384
3706 4471
3707 5059
3708 1622
3709 42
3710 9273
3711 12501
3712 22611
3713 4821
3714 17806
3715 26394
3716 29694
3717 23720
3718 2261
3719 21825
3720 13014
3721 28790
3722 6058
3723 6215
3724 12409
3725 25525
3726 14521
3727 1781
3728 10263
3729 1572
3730 14548
3731 18090
3732 17957
3733 15537
3734 27204
3735 7514
3736 16982
3737 921
3738 11869
3739 9431
3740 21959
3741 23505
3742 15702
3743 17231
3744 24953
3745 10149
3746 8279
3747 3350
3748 22789
3749 15007
3750 4562
3751 29606
3752 17803
3753 8362
3754 14359
3755 26085
3756 29932
3757 24695
3758 28195
3759 17830
3760 10553
3761 15648
3762 3769
3763 22129
3764 23659
3765 15115
3766 30133
3767 2439
3768 27732
3769 27666
3770 11164
3771 19233
3772 17109
3773 18144
3774 28535
3775 13561
3776 20050
3777 3486
3778 4834
3779 18955
3780 24163
3781 2000
3782 23648
3783 8093
3784 14540
3785 4985
3786 25585
3787 6013
3788 31408
3789 20870
3790 7655
3791 3978
3792 6657
3793 29033
3794 2037
3795 10869
3796 6971
3797 24581
3798 11401
3799 5577
3800 20306
3801 24010
3802 28763
3803 28969
3804 11752
3805 16417
3806 24134
3807 15065
3808 8132
3809 25098
3810 25944
3811 25985
3812 19840
3813 2051
3814 15653
3815 31533
3816 18049
3817 15149
3818 25696
3819 29079
3820 5165
3821 24490
3822 28076
3823 5033
3824 3415
3825 2633
3826 3759
3827 9278
3828 32254
3829 22885
3830 9576
3831 7721
3832 30520
3833 21770
3834 10179
3835 13688
3836 23401
3837 6746
3838 12651
3839 32250
3840 31416
3841 22063
3842 9184
3843 23294
3844 21444
3845 21250
3846 3273
3847 7262
3848 19602
3849 7692
3850 18059
3851 27836
3852 30667
3853 1962
3854 1818
3855 29964
3856 14884
3857 774
3858 20752
3859 22866
3860 25629
3861 10484
3862 31484
3863 29357
3864 5102
3865 25114
3866 16636
3867 27285
3868 29630
3869 31828
3870 5262
3871 7009
3872 10263
3873 12119
3874 7843
3875 23052
3876 663
3877 21652
3878 10229
3879 3384
3880 19688
3881 22111
3882 23451
3883 13683
3884 16370
3885 6736
3886 6106
3887 19130
3888 31566
3889 27369
3890 16703
3891 4923
3892 4350
3893 9338
3894 19434
3895 22367
3896 31068
3897 10562
3898 28461
3899 5896
3900 849
3901 24791
3902 14166
3903 9240
3904 5319
3905 18120
3906 27080
3907 17970
3908 20321
3909 19584
3910 28497
3911 19396
3912 28009
3913 4717
3914 14519
3915 11333
3916 27402
3917 15458
3918 20884
3919 8123
3920 20415
3921 25914
3922 5476
3923 20353
3924 11275
3925 30143
3926 15069
3927 1095
3928 8043
3929 25290
3930 10623
3931 30042
3932 31369
3933 5803
3934 19819
3935 7462
3936 20914
3937 2506
3938 23928
3939 14073
3940 5002
3941 20111
3942 18308
3943 18953
3944 30718
3945 5248
3946 14088
3947 26041
3948 23419
3949 26281
3950 27119
3951 29464
3952 23133
3953 10561
3954 18345
3955 16298
3956 16555
3957 6794
3958 28283
3959 9580
3960 8705
3961 23289
3962 11033
3963 29714
3964 11725
3965 16535
3966 3702
3967 32659
3968 5054
3969 31143
3970 5595
3971 30695
3972 3194
3973 17033
3974 6455
3975 28175
3976 23184
3977 13022
3978 29622
3979 10839
3980 22445
3981 26093
3982 6804
3983 14296
3984 25106
3985 582
3986 5684
3987 18752
3988 15941
3989 25764
3990 4460
3991 23254
3992 16647
3993 29208
3994 29475
3995 13752
3996 21895
3997 21860
3998 13855
3999 14439
4000 13269
4001 11173
4002 29464
4003 2182
4004 23449
4005 25654
4006 20753
4007 4575
4008 9989
4009 22480
4010 20456
4011 30375
4012 2568
4013 23286
4014 8491
4015 21763
4016 20933
4017 20368
4018 813
4019 1483
4020 30787
4021 31190
4022 21081
4023 14477
4024 24678
4025 7279
4026 17607
4027 4309
4028 3614
4029 8154
4030 1037
4031 10411
4032 11998
4033 18702
4034 6488
4035 7262
4036 1616
4037 17245
4038 24507
4039 896
4040 4935
4041 414
4042 28870
4043 31538
4044 245
4045 14987
4046 16219
4047 9634
4048 14430
4049 1128
4050 21693
4051 17105
4052 9740
4053 21478
4054 25578
4055 18074
4056 2052
4057 25158
4058 10027
4059 4080
4060 22522
4061 16065
4062 15337
4063 9575
4064 9665
4065 3880
4066 28866
4067 6901
4068 30213
4069 17352
4070 14812
4071 1274
4072 31036
4073 17040
4074 16249
4075 7295
4076 11994
4077 19830
4078 15052
4079 30907
4080 18628
4081 10262
4082 5388
4083 476
4084 25352
4085 16540
4086 31942
4087 260
4088 25547
4089 24549
4090 25975
4091 29073
4092 6019
4093 9441
4094 9562
4095 30625
4096 23910
4097 20284
4098 9599
4099 8149
4100 30753
4101 7485
4102 22557
4103 19542
4104 22222
4105 16622
4106 26921
4107 29462
4108 27168
4109 12413
4110 23847
4111 4441
4112 23009
4113 21986
4114 4673
4115 30835
4116 11935
4117 25026
4118 22422
4119 22483
4120 17314
4121 17811
4122 3796
4123 10304
4124 5409
4125 6402
4126 3081
4127 23651
4128 16053
4129 28305
4130 10166
4131 31366
4132 15885
4133 23429
4134 14118
4135 923
4136 19940
4137 14079
4138 24317
4139 19328
4140 27952
4141 21609
4142 29716
4143 9857
4144 26268
4145 15635
4146 24196
4147 4127
4148 27705
4149 11550
4150 13057
4151 12047
4152 7024
4153 22426
4154 30314
4155 23174
4156 32060
4157 13803
4158 16285
4159 1204
4160 22166
4161 26225
4162 11152
4163 11918
4164 23856
4165 24168
4166 22430
4167 18641
4168 9317
4169 29452
4170 22046
4171 9796
4172 22128
4173 32257
4174 20794
4175 25405
4176 3549
4177 8435
4178 20479
4179 26214
4180 25406
4181 27770
4182 20912
4183 24257
4184 799
4185 28224
4186 13152
4187 25322
4188 24636
4189 27237
4190 5055
4191 5533
4192 22001
4193 17442
4194 10549
4195 29559
4196 20209
4197 22957
4198 15917
4199 11777
4200 17467
4201 22365
4202 18356
4203 14314
4204 10314
4205 17935
4206 19010
4207 26260
4208 4748
4209 22728
4210 215
4211 19667
4212 16150
4213 15772
4214 31306
4215 13041
4216 13974
4217 30158
4218 8414
4219 20469
4220 12937
4221 31032
4222 24599
4223 10276
4224 4526
4225 10477
4226 23756
4227 13513
4228 28858
4229 21790
4230 29564
4231 14642
4232 15181
4233 23098
4234 28902
4235 26875
4236 18725
4237 6489
4238 14547
4239 17295
4240 23442
4241 20443
4242 20279
4243 18667
4244 3881
4245 4684
4246 30584
4247 27557
4248 5565
4249 28299
4250 24078
4251 25645
4252 19595
4253 31020
4254 76
4255 18772
4256 693
4257 18970
4258 18045
4259 4618
4260 1010
4261 11393
4262 1075
4263 25708
4264 15235
4265 1515
4266 21212
4267 22014
4268 873
4269 14505
4270 31382
4271 308
4272 29653
4273 1396
4274 23877
4275 5176
4276 18144
4277 12372
4278 6114
4279 15591
4280 9340
4281 27841
4282 19990
4283 5660
4284 27306
4285 21768
4286 21511
4287 31282
4288 17902
4289 28913
4290 10866
4291 24260
4292 11776
4293 3999
4294 250
4295 7607
4296 6853
4297 30903
4298 12991
4299 20347
4300 1405
4301 14533
4302 28979
4303 6797
4304 2622
4305 3291
4306 4393
4307 7233
4308 15777
4309 12667
4310 11823
4311 20158
4312 2747
4313 6326
4314 6174
4315 4170
4316 11599
4317 19350
4318 16111
4319 12232
4320 7233
4321 31418
4322 4304
4323 8830
4324 30798
4325 576
4326 32375
4327 18204
4328 21243
4329 25832
4330 6583
4331 23034
4332 25035
4333 629
4334 593
4335 32418
4336 29109
4337 3415
4338 5388
4339 654
4340 11989
4341 904
4342 4360
4343 15667
4344 5218
4345 11956
4346 10063
4347 12606
4348 6368
4349 28572
4350 10413
4351 21277
4352 27287
4353 22716
4354 17858
4355 6337
4356 20547
4357 23595
4358 5461
4359 13986
4360 525
4361 4292
4362 21739
4363 11780
4364 3770
4365 21123
4366 6040
4367 4217
4368 8483
4369 16945
4370 22294
4371 7336
4372 14821
4373 26692
4374 6932
4375 6220
4376 12633
4377 32513
4378 10960
4379 2944
4380 5575
4381 10211
4382 31976
4383 16697
4384 14806
4385 4160
4386 22894
4387 12564
4388 1863
4389 18730
4390 25146
4391 13906
4392 27107
4393 22164
4394 30084
4395 14368
4396 26290
4397 14773
4398 7858
4399 10012
4400 13166
4401 31410
4402 2414
4403 29718
4404 25143
4405 30071
4406 11004
4407 25619
4408 30088
4409 28133
4410 5578
4411 26008
4412 28778
4413 12083
4414 11081
4415 19237
4416 14056
4417 14990
4418 8188
4419 3839
4420 21186
4421 18691
4422 1487
4423 1074
4424 28774
4425 9375
4426 20649
4427 6359
4428 10267
4429 7381
4430 2372
4431 3475
4432 26496
4433 6687
4434 8765
4435 18016
4436 3893
4437 5352
4438 9063
4439 6288
4440 6360
4441 29610
4442 8037
4443 14863
4444 22835
4445 5204
4446 10104
4447 13800
4448 12979
4449 1262
4450 12693
4451 2570
4452 19484
4453 12159
4454 9403
4455 21069
4456 8060
4457 32047
4458 32643
4459 9392
4460 30046
4461 13481
4462 19705
4463 740
4464 8255
4465 6083
4466 23466
4467 1295
4468 3142
4469 1121
4470 27390
4471 8650
4472 30511
4473 7318
4474 17096
4475 14187
4476 25737
4477 14861
4478 26908
4479 14986
4480 8737
4481 12456
4482 27233
4483 11710
4484 28862
4485 9318
4486 26534
4487 18088
4488 9486
4489 30346
4490 24378
4491 25651
4492 21729
4493 3578
4494 25462
4495 14873
4496 25749
4497 32485
4498 13278
4499 21930
4500 2257
4501 21928
4502 27753
4503 24521
4504 4215
4505 2291
4506 16156
4507 16439
4508 2771
4509 22311
4510 27613
4511 1556
4512 7705
4513 4867
4514 27271
4515 14754
4516 8718
4517 9088
4518 31546
4519 31565
4520 21253
4521 15097
4522 4341
4523 5096
4524 12557
4525 2447
4526 19046
4527 23098
4528 24425
4529 28364
4530 27904
4531 4537
4532 6208
4533 28295
4534 5711
4535 9877
4536 2198
4537 27911
4538 6024
4539 27384
4540 10363
4541 30315
4542 12133
4543 14733
4544 25474
4545 5448
4546 5679
4547 8511
4548 9589
4549 31893
4550 4124
4551 32323
4552 8007
4553 2244
4554 31196
4555 9304
4556 22602
4557 23602
4558 879
4559 32333
4560 24482
4561 6849
4562 3385
4563 18116
4564 12794
4565 2243
4566 23384
4567 15927
4568 10102
4569 4379
4570 4917
4571 568
4572 32232
4573 30366
4574 14169
4575 27133
4576 21318
4577 13504
4578 5507
4579 3099
4580 9308
4581 21356
4582 23287
4583 20882
4584 9150
4585 12851
4586 17176
4587 14858
4588 32001
4589 3753
4590 5177
4591 13660
4592 22570
4593 18956
4594 24241
4595 13908
4596 12647
4597 12839
4598 12845
4599 25270
4600 22781
4601 20854
4602 15691
4603 1150
4604 12162
4605 2699
4606 2916
4607 8300
4608 29260
4609 688
4610 21672
4611 21952
4612 11305
4613 8142
4614 5233
4615 27459
4616 7760
4617 7566
4618 22993
4619 11654
4620 13720
4621 32189
4622 1645
4623 622
4624 24552
4625 22517
4626 28559
4627 22000
4628 21999
4629 19578
4630 5494
4631 17434
4632 11541
4633 7778
4634 25841
4635 9299
4636 17841
4637 14585
4638 14124
4639 23011
4640 27004
4641 9315
4642 969
4643 3510
4644 11846
4645 11651
4646 31026
4647 13660
4648 28903
4649 17692
4650 28462
4651 2901
4652 31865
4653 23094
4654 26547
4655 23692
4656 12740
4657 13252
4658 4604
4659 20257
4660 17146
4661 3459
4662 986
4663 1643
4664 22437
4665 31781
4666 7503
4667 18494
4668 11485
4669 23727
4670 19033
4671 1897
4672 1470
4673 21280
4674 5900
4675 30595
4676 25
4677 7251
4678 18915
4679 3560
4680 8554
4681 14118
4682 30808
4683 5118
4684 12298
4685 10460
4686 18866
4687 11965
4688 11430
4689 24768
4690 23583
4691 32622
4692 32752
4693 32523
4694 2
4695 16818
4696 12436
4697 776
4698 15758
4699 2759
4700 13678
4701 9334
4702 22676
4703 3591
4704 14330
4705 23598
4706 18073
4707 2737
4708 23308
4709 24582
4710 19244
4711 18156
4712 22977
4713 5620
4714 11895
4715 15369
4716 4789
4717 17015
4718 16915
4719 22537
4720 21366
4721 30258
4722 10273
4723 30815
4724 30777
4725 32474
4726 4246
4727 503
4728 13260
4729 24403
4730 24790
4731 14966
4732 5068
4733 4886
4734 31109
4735 18116
4736 5400
4737 8406
4738 3737
4739 29384
4740 23685
4741 16483
4742 17844
4743 9842
4744 26580
4745 6094
4746 3762
4747 11263
4748 19169
4749 21454
4750 27261
4751 11128
4752 19740
4753 8034
4754 5161
4755 32636
4756 31549
4757 16056
4758 16445
4759 18240
4760 308
4761 20814
4762 26190
4763 22996
4764 24671
4765 32599
4766 18643
4767 32424
4768 22016
4769 5728
4770 12084
4771 3918
4772 1518
4773 22835
4774 1572
4775 26241
4776 15755
4777 1788
4778 23089
4779 16487
4780 25333
4781 23978
4782 24729
4783 28691
4784 25729
4785 7064
4786 608
4787 3662
4788 15461
4789 17517
4790 7583
4791 1431
4792 23732
4793 11585
4794 28959
4795 8040
4796 6032
4797 5121
4798 26150
4799 30395
4800 22427
4801 17940
4802 11409
4803 29645
4804 15534
4805 6718
4806 23843
4807 13602
4808 28878
4809 16837
4810 5661
4811 2505
4812 18779
4813 13523
4814 17935
4815 24801
4816 2187
4817 15900
4818 6381
4819 21084
4820 21271
4821 27072
4822 15205
4823 9475
4824 11828
4825 23411
4826 26736
4827 30138
4828 6597
4829 20443
4830 29992
4831 25606
4832 6863
4833 19769
4834 20185
4835 26572
4836 18989
4837 18252
4838 8026
4839 13404
4840 15237
4841 14963
4842 2974
4843 19629
4844 20602
4845 529
4846 16518
4847 11498
4848 19491
4849 28213
4850 16889
4851 11566
4852 15036
4853 23675
4854 12343
4855 397
4856 412
4857 22573
4858 30570
4859 31571
4860 11111
4861 1454
4862 7551
4863 28560
4864 17541
4865 23833
4866 8755
4867 26324
4868 23507
4869 30757
4870 9585
4871 31287
4872 31640
4873 30540
4874 18395
4875 412
4876 11962
4877 16940
4878 31143
4879 30519
4880 26162
4881 10029
4882 11180
4883 13389
4884 21181
4885 7780
4886 5820
4887 27451
4888 1748
4889 13239
4890 3381
4891 698
4892 29919
4893 23618
4894 2771
4895 13921
4896 7590
4897 15098
4898 30408
4899 8300
4900 776
4901 6288
4902 19471
4903 4283
4904 13039
4905 4761
4906 7165
4907 21790
4908 32387
4909 17899
4910 7961
4911 22223
4912 12702
4913 30794
4914 18477
4915 12608
4916 24192
4917 1348
4918 3485
4919 9751
4920 4549
4921 4697
4922 23800
4923 4727
4924 660
4925 20063
4926 27853
4927 18818
4928 4888
4929 16421
4930 24768
4931 30748
4932 13620
4933 26711
4934 29660
4935 30193
4936 1906
4937 15009
4938 7467
4939 10169
4940 15933
4941 12823
4942 25220
4943 22203
4944 11601
4945 1237
4946 19877
4947 8591
4948 1391
4949 15074
4950 14210
4951 27177
4952 6741
4953 11355
4954 24028
4955 25875
4956 17645
4957 10957
4958 30484
4959 11770
4960 13765
4961 23010
4962 14402
4963 1388
4964 19391
4965 31552
4966 386
4967 7136
4968 17162
4969 12718
4970 9358
4971 3575
4972 20560
4973 32632
4974 31122
4975 30209
4976 31793
4977 1045
4978 13883
4979 14019
4980 21233
4981 15624
4982 15121
4983 25464
4984 15469
4985 19972
4986 19208
4987 26901
4988 4180
4989 5203
4990 24913
4991 23761
4992 14995
4993 2425
4994 6518
4995 5093
4996 1041
4997 14612
4998 23974
4999 26768
5000 21405
5001 19974
5002 20302
5003 20575
5004 31525
5005 31446
5006 7657
5007 10155
5008 25896
5009 16724
5010 16408
5011 22115
5012 13933
5013 23932
5014 17141
5015 12812
5016 14326
5017 22429
5018 9124
5019 16645
5020 7472
5021 443
5022 26412
5023 17168
5024 31340
5025 25649
5026 25733
5027 8974
5028 32658
5029 23962
5030 29939
5031 13834
5032 19220
5033 31218
5034 32402
5035 27513
5036 26914
5037 17657
5038 3377
5039 21184
5040 21277
5041 7128
5042 28003
5043 6647
5044 845
5045 16903
5046 32212
5047 27117
5048 28886
5049 15726
5050 10970
5051 17260
5052 2024
5053 15819
5054 18508
5055 16830
5056 29239
5057 4947
5058 15767
5059 26223
5060 17323
5061 30876
5062 14350
5063 21077
5064 24408
5065 13242
5066 22402
5067 4046
5068 10416
5069 21161
5070 2323
5071 21065
5072 21751
5073 1771
5074 1093
5075 20232
5076 28920
5077 25713
5078 7767
5079 4900
5080 28407
5081 1983
5082 26576
5083 31441
5084 20710
5085 26444
5086 18522
5087 11747
5088 17116
5089 21543
5090 3283
5091 17809
5092 14786
5093 28128
5094 7074
5095 32633
5096 27216
5097 3494
5098 17223
5099 8677
5100 11320
5101 27821
5102 22326
5103 30029
5104 7584
5105 2515
5106 3814
5107 30493
5108 6870
5109 4738
5110 23333
5111 10679
5112 24127
5113 21208
5114 9646
5115 9660
5116 23697
5117 28933
5118 12029
5119 20616
5120 12610
5121 30709
5122 32354
5123 23547
5124 12097
5125 30000
5126 6229
5127 29567
5128 27107
5129 11774
5130 28425
5131 14918
5132 18976
5133 12238
5134 16708
5135 32468
5136 1023
5137 16344
5138 23405
5139 18366
5140 79
5141 28162
5142 28391
5143 7601
5144 3736
5145 20224
5146 29597
5147 14005
5148 29521
5149 8640
5150 18398
5151 26291
5152 9811
5153 25605
5154 620
5155 31029
5156 21902
5157 6738
5158 10959
5159 22638
5160 32763
5161 20233
5162 19439
5163 9594
5164 15569
5165 3284
5166 5346
5167 9703
5168 764
5169 22596
5170 31747
5171 10867
5172 1227
5173 27832
5174 6212
5175 21271
5176 29673
5177 16513
5178 9413
5179 21573
5180 16782
5181 5187
5182 25253
5183 8559
5184 12022
5185 4510
5186 19736
5187 8392
5188 16915
5189 15630
5190 21433
5191 19534
5192 29311
5193 16144
5194 3874
5195 25608
5196 8884
5197 18567
5198 9146
5199 5516
5200 14719
5201 5725
5202 18127
5203 15557
5204 28594
5205 22637
5206 6629
5207 8691
5208 9754
5209 32673
5210 20557
5211 22771
5212 22448
5213 14167
5214 21241
5215 9665
5216 31763
5217 3594
5218 22158
5219 2619
5220 28214
5221 4398
5222 6075
5223 24872
5224 11094
5225 24667
5226 12746
5227 10872
5228 32304
5229 31662
5230 17268
5231 27853
5232 27248
5233 20845
5234 22010
5235 20539
5236 27756
5237 20201
5238 14961
5239 22092
5240 24850
5241 30889
5242 20829
5243 21320
5244 10783
5245 19908
5246 28802
5247 3251
5248 25235
5249 31375
5250 23287
5251 8470
5252 14177
5253 7800
5254 32636
5255 7427
5256 14442
5257 10546
5258 28941
5259 24915
5260 13740
5261 4883
5262 19896
5263 16050
5264 31927
5265 29882
5266 1963
5267 27230
5268 2657
5269 16884
5270 17553
5271 12331
5272 1211
5273 11233
5274 18207
5275 1483
5276 4420
5277 28242
5278 5865
5279 25420
5280 23388
5281 3190
5282 23163
5283 1250
5284 24315
5285 16566
5286 6053
5287 31207
5288 19362
5289 9181
5290 19990
5291 9504
5292 5010
5293 20348
5294 8236
5295 4674
5296 31549
5297 32653
5298 32267
5299 17588
5300 15610
5301 30550
5302 1773
5303 25495
5304 5372
5305 11664
5306 5305
5307 26372
5308 18821
5309 969
5310 9686
5311 10900
5312 855
5313 3335
5314 6465
5315 2342
5316 2668
5317 10158
5318 28893
5319 26076
5320 15078
5321 28323
5322 3595
5323 18023
5324 17993
5325 17842
5326 7291
5327 25221
5328 5352
5329 1325
5330 8002
5331 19655
5332 23453
5333 2262
5334 21548
5335 6296
5336 14781
5337 9727
5338 24915
5339 8571
5340 29515
5341 19696
5342 240
5343 22420
5344 7020
5345 22921
5346 8050
5347 13674
5348 17179
5349 22313
5350 8141
5351 17131
5352 30
5353 15310
5354 14869
5355 18865
5356 24633
5357 24189
5358 10315
5359 7811
5360 7329
5361 11492
5362 5495
5363 9247
5364 8627
5365 25662
5366 758
5367 27446
5368 16102
5369 20855
5370 6166
5371 5049
5372 4863
5373 23696
5374 4064
5375 21331
5376 2180
5377 25414
5378 14645
5379 17719
5380 30322
5381 9966
5382 15645
5383 26395
5384 14642
5385 20900
5386 8027
5387 26500
5388 22474
5389 22180
5390 11589
5391 10565
5392 2385
5393 12792
5394 20178
5395 8258
5396 11941
5397 19284
5398 28149
5399 27514
5400 5216
5401 62
5402 26665
5403 20549
5404 4359
5405 6513
5406 15949
5407 31449
5408 21381
5409 12164
5410 30387
5411 10259
5412 30168
5413 17095
5414 25972
5415 7285
5416 10251
5417 2670
5418 20230
5419 3179
5420 1892
5421 16113
5422 6416
5423 22994
5424 30174
5425 25522
5426 32124
5427 19130
5428 1497
5429 21473
5430 29646
5431 7531
5432 19985
5433 5788
5434 17589
5435 7591
5436 14797
5437 15963
5438 31712
5439 7983
5440 10585
5441 22412
5442 11283
5443 393
5444 30389
5445 10874
5446 14714
5447 8447
5448 12943
5449 21619
5450 7741
5451 22763
5452 11631
5453 31786
5454 23892
5455 31538
5456 8498
5457 9562
5458 6045
5459 24847
5460 3769
5461 26540
5462 30508
5463 30994
5464 9186
5465 3291
5466 25826
5467 30312
5468 15799
5469 23062
5470 15425
5471 1372
5472 23270
5473 2214
5474 29054
5475 10526
5476 4722
5477 12752
5478 24024
5479 9923
5480 25255
5481 12797
5482 9769
5483 8590
5484 27731
5485 18200
5486 28603
5487 19566
5488 28211
5489 28216
5490 22364
5491 21703
5492 5292
5493 17535
5494 24245
5495 27253
5496 29115
5497 28482
5498 17367
5499 2319
5500 12591
5501 20329
5502 30487
5503 26216
5504 23830
5505 1049
5506 8988
5507 10844
5508 18037
5509 145
5510 31542
5511 21449
5512 26172
5513 14674
5514 17393
5515 28379
5516 19064
5517 11395
5518 18923
5519 141
5520 25547
5521 18835
5522 15074
5523 19308
5524 18201
5525 31776
5526 5393
5527 20894
5528 14213
5529 24088
5530 8381
5531 14372
5532 3228
5533 21790
5534 10251
5535 28508
5536 18639
5537 7983
5538 24852
5539 17610
5540 29735
5541 4741
5542 15931
5543 16919
5544 3892
5545 5307
5546 6335
5547 32090
5548 12871
5549 3379
5550 27020
5551 16023
5552 11489
5553 22197
5554 1111
5555 7813
5556 14698
5557 29784
5558 2281
5559 661
5560 6438
5561 3494
5562 32443
5563 6703
5564 11366
5565 30203
5566 20164
5567 16703
5568 23291
5569 17198
5570 3983
5571 27632
5572 24816
5573 14195
5574 22416
5575 32695
5576 21369
5577 640
5578 2488
5579 15764
5580 29222
5581 7663
5582 20551
5583 8597
5584 6236
5585 18660
5586 14818
5587 23451
5588 25350
5589 26351
5590 11493
5591 17760
5592 24200
5593 17972
5594 9466
5595 31161
5596 20724
5597 4297
5598 28395
5599 28953
5600 29825
5601 27999
5602 22196
5603 18263
5604 13881
5605 4901
5606 31709
5607 3761
5608 19697
5609 21737
5610 16390
5611 21520
5612 15486
5613 26496
5614 964
5615 14478
5616 6438
5617 26473
5618 9643
5619 17461
5620 8021
5621 25005
5622 30636
5623 22025
5624 29585
5625 25609
5626 7842
5627 21833
5628 7856
5629 22607
5630 4135
5631 2035
5632 6729
5633 12042
5634 8876
5635 12934
5636 360
5637 7521
5638 25545
5639 25867
5640 14726
5641 29246
5642 10449
5643 6486
5644 10168
5645 18095
5646 3498
5647 1674
5648 17958
5649 3468
5650 21979
5651 19931
5652 11711
5653 18010
5654 25575
5655 25752
5656 26667
5657 22383
5658 15066
5659 24424
5660 7681
5661 21335
5662 15905
5663 724
5664 30011
5665 11639
5666 9118
5667 15621
5668 13287
5669 8688
5670 19452
5671 27855
5672 31519
5673 21702
5674 30016
5675 6639
5676 11834
5677 27714
5678 31649
5679 657
5680 23108
5681 10900
5682 7322
5683 8726
5684 12716
5685 19133
5686 28733
5687 5395
5688 28733
5689 9388
5690 3274
5691 32413
5692 15183
5693 23719
5694 2176
5695 21188
5696 21055
5697 8685
5698 19891
5699 10845
5700 8988
5701 16538
5702 29983
5703 1029
5704 6051
5705 2762
5706 6780
5707 5730
5708 11886
5709 23809
5710 24403
5711 6060
5712 13416
5713 16843
5714 4111
5715 7788
5716 12932
5717 30879
5718 8023
5719 32644
5720 25519
5721 25609
5722 27547
5723 19824
5724 18179
5725 8969
5726 749
5727 23755
5728 8765
5729 22966
5730 22803
5731 29205
5732 2161
5733 27942
5734 9178
5735 31923
5736 14588
5737 13970
5738 20909
5739 823
5740 27323
5741 29110
5742 20069
5743 9442
5744 22394
5745 27255
5746 2659
5747 21607
5748 7087
5749 11720
5750 30684
5751 12274
5752 15977
5753 16846
5754 29301
5755 6761
5756 30083
5757 10562
5758 17680
5759 31218
5760 31261
5761 13848
5762 16869
5763 16309
5764 332
5765 28510
5766 8404
5767 7395
5768 11537
5769 3686
5770 6137
5771 2295
5772 2440
5773 22311
5774 25218
5775 32060
5776 27234
5777 20449
5778 10685
5779 2447
5780 15509
5781 7168
5782 1141
5783 9830
5784 8274
5785 32323
5786 127
5787 26641
5788 24376
5789 17949
5790 27280
5791 30528
5792 4807
5793 11356
5794 18514
5795 29382
5796 3863
5797 25352
5798 14518
5799 7836
5800 26058
5801 23694
5802 11915
5803 1065
5804 5439
5805 3613
5806 14672
5807 26560
5808 14344
5809 12625
5810 20550
5811 14187
5812 18591
5813 18703
5814 21450
5815 22247
5816 19796
5817 28080
5818 14562
5819 27887
5820 138
5821 9313
5822 4886
5823 5566
5824 18723
5825 17865
5826 28801
5827 7887
5828 5945
5829 14317
5830 15399
5831 12263
5832 30991
5833 32593
5834 6793
5835 1365
5836 31815
5837 27488
5838 29815
5839 8056
5840 12117
5841 25102
5842 9254
5843 2947
5844 22323
5845 3772
5846 30850
5847 10621
5848 11606
5849 30812
5850 709
5851 5004
5852 14818
5853 17109
5854 25161
5855 2674
5856 7706
5857 8105
5858 666
5859 2904
5860 25370
5861 12757
5862 32720
5863 29387
5864 8392
5865 26873
5866 9500
5867 20740
5868 4360
5869 6072
5870 14752
5871 21356
5872 25391
5873 18786
5874 3972
5875 26463
5876 25531
5877 6864
5878 2374
5879 31280
5880 19521
5881 6800
5882 2385
5883 31342
5884 20390
5885 29763
5886 32722
5887 32358
5888 13970
5889 27458
5890 2759
5891 13289
5892 8226
5893 26760
5894 23640
5895 32080
5896 15069
5897 8140
5898 23403
5899 24508
5900 2538
5901 4077
5902 12915
5903 9891
5904 2688
5905 25235
5906 16520
5907 24712
5908 19869
5909 28436
5910 8381
5911 6409
5912 23035
5913 25748
5914 15278
5915 29727
5916 27200
5917 24433
5918 5976
5919 3746
5920 23412
5921 28126
5922 22830
5923 18443
5924 24505
5925 18381
5926 11881
5927 22910
5928 18742
5929 15891
5930 3743
5931 24072
5932 341
5933 9414
5934 3223
5935 12325
5936 46
5937 15594
5938 10588
5939 16517
5940 22595
5941 24909
5942 23952
5943 18959
5944 10861
5945 31408
5946 19715
5947 1831
5948 5654
5949 32551
5950 22660
5951 19500
5952 31145
5953 195
5954 503
5955 11077
5956 5959
5957 3949
5958 22184
5959 1374
5960 29116
5961 29205
5962 21471
5963 11373
5964 30129
5965 31501
5966 31157
5967 31482
5968 17186
5969 31663
5970 37
5971 1246
5972 11027
5973 6982
5974 25190
5975 17739
5976 13695
5977 5420
5978 13432
5979 28172
5980 17298
5981 8751
5982 30462
5983 15374
5984 8728
5985 4409
5986 23883
5987 29984
5988 8244
5989 21297
5990 14783
5991 29431
5992 32341
5993 32284
5994 1108
5995 24437
5996 18790
5997 2952
5998 12148
5999 1579
6000 30277
6001 22058
6002 16142
6003 24348
6004 20855
6005 6854
6006 21992
6007 14019
6008 5914
6009 79
6010 11575
6011 5976
6012 18202
6013 27472
6014 10861
6015 22352
6016 2472
6017 8330
6018 1874
6019 28963
6020 14312
6021 31454
6022 16470
6023 2129
6024 23786
6025 14446
6026 15653
6027 16295
6028 17116
6029 8960
6030 26493
6031 17598
6032 24702
6033 6051
6034 9276
6035 13510
6036 15062
6037 12692
6038 25278
6039 16001
6040 3876
6041 7266
6042 13925
6043 9618
6044 22808
6045 20817
6046 11897
6047 2808
6048 2371
6049 17404
6050 24627
6051 7894
6052 32716
6053 16959
6054 22292
6055 8053
6056 8036
6057 2900
6058 24443
6059 18827
6060 3195
6061 25148
6062 24439
6063 7614
6064 27828
6065 8033
6066 12762
6067 8036
6068 14999
6069 1401
6070 14223
6071 28813
6072 391
6073 23981
6074 4909
6075 28483
6076 5619
6077 7931
6078 17099
6079 14352
6080 7632
6081 9433
6082 3095
6083 12737
6084 32070
6085 14619
6086 28322
6087 1642
6088 31657
6089 29974
6090 4222
6091 11690
6092 13484
6093 15878
6094 22795
6095 27696
6096 10705
6097 24749
6098 11790
6099 27774
6100 2084
6101 4157
6102 1795
6103 21741
6104 30249
6105 19576
6106 19125
6107 32498
6108 32275
6109 29462
6110 11019
6111 13215
6112 26678
6113 103
6114 29477
6115 4461
6116 6591
6117 17209
6118 31655
6119 32568
6120 19363
6121 2044
6122 14677
6123 20619
6124 11733
6125 32548
6126 6625
6127 32542
6128 19132
6129 25295
6130 8960
6131 7581
6132 16100
6133 8104
6134 1987
6135 26539
6136 6388
6137 1291
6138 10277
6139 4903
6140 30176
6141 16490
6142 12001
6143 18094
6144 11615
6145 10223
6146 16774
6147 22881
6148 8864
6149 6242
6150 30412
6151 16360
6152 3384
6153 27214
6154 1833
6155 19127
6156 20064
6157 16991
6158 27552
6159 6543
6160 9821
6161 16655
6162 24282
6163 26696
6164 24127
6165 21889
6166 29815
6167 6351
6168 14798
6169 14253
6170 15014
6171 7787
6172 17858
6173 19902
6174 6643
6175 11844
6176 22066
6177 184
6178 26465
6179 22821
6180 18767
6181 17502
6182 23737
6183 29313
6184 25170
6185 22099
6186 27425
6187 26804
6188 20659
6189 30847
6190 7152
6191 29324
6192 14236
6193 10932
6194 29633
6195 13832
6196 18845
6197 10130
6198 3015
6199 19551
6200 19617
6201 10408
6202 21856
6203 18244
6204 6689
6205 13787
6206 15340
6207 7017
6208 28567
6209 1036
6210 6367
6211 5186
6212 9014
6213 9973
6214 11797
6215 13579
6216 4312
6217 6740
6218 6758
6219 11020
6220 21304
6221 26188
6222 31867
6223 13596
6224 7521
6225 25352
6226 14303
6227 9316
6228 18534
6229 24481
6230 4185
6231 23141
6232 26964
6233 12354
6234 3962
6235 26685
6236 869
6237 26506
6238 26738
6239 13093
6240 10870
6241 16177
6242 20008
6243 16959
6244 10683
6245 29679
6246 28553
6247 6543
6248 690
6249 6297
6250 3615
6251 17990
6252 22613
6253 9358
6254 25318
6255 71
6256 6804
6257 16721
6258 17756
6259 1252
6260 1538
6261 7031
6262 18648
6263 3816
6264 19407
6265 15044
6266 17436
6267 4059
6268 30198
6269 9617
6270 30509
6271 3713
6272 23479
6273 21360
6274 17251
6275 20132
6276 14920
6277 13075
6278 10684
6279 9747
6280 17864
6281 18282
6282 885
6283 8939
6284 18036
6285 8204
6286 10460
6287 26389
6288 5661
6289 12504
6290 31328
6291 23824
6292 4570
6293 19676
6294 32746
6295 10737
6296 21498
6297 18550
6298 4720
6299 168
6300 19004
6301 1720
6302 17351
6303 14980
6304 31811
6305 30225
6306 30904
6307 22778
6308 5700
6309 16426
6310 26967
6311 21666
6312 3074
6313 12559
6314 31632
6315 23938
6316 26620
6317 6543
6318 11267
6319 28815
6320 6884
6321 12517
6322 30994
6323 26225
6324 24404
6325 14744
6326 1079
6327 24455
6328 1469
6329 28063
6330 23963
6331 12587
6332 15520
6333 30153
6334 11749
6335 14391
6336 10496
6337 28764
6338 12880
6339 13511
6340 25367
6341 19196
6342 16129
6343 4929
6344 11080
6345 29647
6346 15255
6347 18067
6348 27477
6349 9695
6350 19971
6351 6076
6352 22482
6353 21696
6354 10138
6355 3726
6356 17881
6357 31602
6358 10344
6359 22450
6360 2304
6361 21128
6362 19656
6363 19436
6364 28040
6365 12682
6366 6450
6367 31904
6368 8919
6369 8089
6370 30803
6371 27030
6372 10792
6373 22353
6374 16227
6375 17402
6376 7554
6377 16884
6378 19635
6379 25255
6380 25318
6381 11716
6382 29829
6383 19365
6384 8141
6385 17328
6386 12321
6387 30447
6388 210
6389 51
6390 17189
6391 11898
6392 10667
6393 13178
6394 19229
6395 12148
6396 24925
6397 19653
6398 27987
6399 28873
6400 20144
6401 29967
6402 5865
6403 13036
6404 22753
6405 15601
6406 804
6407 15572
6408 152
6409 25028
6410 31755
6411 27205
6412 17689
6413 28166
6414 2353
6415 28496
6416 27070
6417 14590
6418 207
6419 29981
6420 12197
6421 2467
6422 12053
6423 29672
6424 22438
6425 24763
6426 1986
6427 28234
6428 136
6429 11840
6430 5619
6431 29114
6432 13684
6433 30215
6434 7736
6435 83
6436 16553
6437 10148
6438 9965
6439 18392
6440 5746
6441 11656
6442 23240
6443 18933
6444 27733
6445 30572
6446 31150
6447 22983
6448 20622
6449 1011
6450 19403
6451 4767
6452 21948
6453 11658
6454 19169
6455 11267
6456 9945
6457 16019
6458 30176
6459 20214
6460 5999
6461 4292
6462 696
6463 20602
6464 1033
6465 15305
6466 25195
6467 30034
6468 5864
6469 5937
6470 19302
6471 8972
6472 17656
6473 4999
6474 15889
6475 8767
6476 5891
6477 11967
6478 14245
6479 22034
6480 4899
6481 2005
6482 1854
6483 3325
6484 23165
6485 21936
6486 31025
6487 20180
6488 20268
6489 17740
6490 19615
6491 19457
6492 22140
6493 792
6494 10058
6495 21008
6496 2905
6497 29597
6498 31656
6499 26994
6500 29959
6501 24417
6502 5430
6503 122
6504 5651
6505 5643
6506 16143
6507 18348
6508 26505
6509 19655
6510 14525
6511 9015
6512 5223
6513 15340
6514 27983
6515 21952
6516 2386
6517 16349
6518 8363
6519 18529
6520 11400
6521 301
6522 1830
6523 5106
6524 21014
6525 26630
6526 31570
6527 12167
6528 16459
6529 24267
6530 17943
6531 26681
6532 22636
6533 10236
6534 11526
6535 1578
6536 14249
6537 19290
6538 15081
6539 17091
6540 25680
6541 24140
6542 30367
6543 29760
6544 23361
6545 11138
6546 31783
6547 4719
6548 4514
6549 32216
6550 11258
6551 30900
6552 16083
6553 4733
6554 25758
6555 2385
6556 676
6557 30292
6558 31352
6559 5604
6560 15302
6561 21146
6562 25058
6563 12593
6564 8832
6565 27850
6566 16253
6567 20002
6568 31651
6569 23997
6570 21192
6571 20492
6572 30656
6573 17430
6574 28402
6575 28724
6576 4760
6577 30173
6578 30189
6579 7314
6580 1748
6581 30058
6582 2500
6583 13269
6584 10743
6585 11653
6586 26670
6587 17063
6588 17552
6589 14539
6590 9315
6591 9777
6592 15028
6593 14420
6594 13102
6595 14306
6596 6315
6597 32146
6598 32068
6599 26220
6600 22506
6601 2940
6602 27604
6603 24592
6604 28737
6605 13036
6606 9055
6607 12828
6608 2390
6609 20038
6610 24778
6611 434
6612 24658
6613 24667
6614 11442
6615 16842
6616 13786
6617 6797
6618 22783
6619 2682
6620 22593
6621 3635
6622 31932
6623 30070
6624 7676
6625 3391
6626 25126
6627 9171
6628 25686
6629 32286
6630 6914
6631 20752
6632 26213
6633 9951
6634 12084
6635 5974
6636 60
6637 13208
6638 6542
6639 18687
6640 12898
6641 31749
6642 1766
6643 854
6644 31107
6645 19571
6646 2923
6647 24221
6648 20070
6649 13788
6650 16953
6651 24405
6652 25119
6653 10580
6654 2858
6655 3257
6656 27270
6657 25251
6658 23279
6659 20620
6660 4839
6661 26164
6662 20832
6663 1044
6664 25851
6665 5678
6666 2577
6667 20071
6668 15895
6669 8928
6670 23334
6671 14309
6672 9380
6673 23138
6674 30312
6675 5894
6676 4559
6677 7033
6678 8344
6679 14934
6680 897
6681 28604
6682 29443
6683 29629
6684 27282
6685 4341
6686 23382
6687 26884
6688 18746
6689 24010
6690 19892
6691 19861
6692 5576
6693 413
6694 23814
6695 27010
6696 13718
6697 21424
6698 11666
6699 4553
6700 9276
6701 12685
6702 30160
6703 30167
6704 6916
6705 22693
6706 376
6707 26186
6708 19614
6709 823
6710 27360
6711 30971
6712 2325
6713 19571
6714 32389
6715 11836
6716 24066
6717 8160
6718 31975
6719 31582
6720 1792
6721 14331
6722 11931
6723 24183
6724 16991
6725 28705
6726 32411
6727 24417
6728 24093
6729 28078
6730 3808
6731 8710
6732 4369
6733 25703
6734 31539
6735 28123
6736 29802
6737 31253
6738 15936
6739 20139
6740 12632
6741 3443
6742 27884
6743 12950
6744 14089
6745 25674
6746 15336
6747 10585
6748 3287
6749 1243
6750 902
6751 10448
6752 5312
6753 15997
6754 13772
6755 31417
6756 21014
6757 9607
6758 31432
6759 14266
6760 2167
6761 1648
6762 26402
6763 29606
6764 18176
6765 5173
6766 248
6767 32508
6768 13246
6769 22011
6770 1765
6771 25008
6772 11109
6773 6134
6774 11619
6775 29486
6776 2373
6777 25481
6778 18004
6779 13213
6780 11129
6781 17071
6782 1755
6783 19040
6784 1890
6785 21145
6786 24432
6787 19939
6788 25172
6789 27033
6790 6708
6791 14484
6792 654
6793 21566
6794 13185
6795 12079
6796 27760
6797 28097
6798 8390
6799 31807
6800 32744
6801 6047
6802 31122
6803 25826
6804 2606
6805 21640
6806 14062
6807 15052
6808 8113
6809 2680
6810 31984
6811 20366
6812 21073
6813 12324
6814 8845
6815 11544
6816 6094
6817 27031
6818 27567
6819 14205
6820 29824
6821 22557
6822 10631
6823 7159
6824 15945
6825 8544
6826 13605
6827 12587
6828 3017
6829 29137
6830 30790
6831 11438
6832 9168
6833 32329
6834 30829
6835 20935
6836 281
6837 18672
6838 6197
6839 32119
6840 15925
6841 11615
6842 741
6843 13238
6844 32197
6845 30721
6846 30277
6847 4608
6848 8940
6849 3263
6850 24240
6851 19216
6852 28164
6853 24796
6854 31083
6855 4076
6856 20880
6857 19485
6858 28981
6859 2593
6860 4978
6861 29998
6862 10527
6863 19280
6864 3679
6865 23873
6866 10654
6867 21993
6868 10127
6869 20216
6870 25567
6871 9015
6872 19641
6873 13445
6874 16218
6875 19101
6876 3646
6877 6416
6878 9642
6879 11807
6880 10661
6881 22872
6882 156
6883 20515
6884 6215
6885 18334
6886 24198
6887 13945
6888 30283
6889 18111
6890 12506
6891 32410
6892 21973
6893 8352
6894 22778
6895 1837
6896 21115
6897 7118
6898 30542
6899 21200
6900 30969
6901 5222
6902 12437
6903 2068
6904 22309
6905 7219
6906 23928
6907 13001
6908 18469
6909 26135
6910 22629
6911 10877
6912 20703
6913 172
6914 23962
6915 16959
6916 8369
6917 9258
6918 12672
6919 9641
6920 2658
6921 6028
6922 315
6923 1821
6924 2393
6925 28910
6926 12671
6927 846
6928 9997
6929 13626
6930 4005
6931 24066
6932 21693
6933 6915
6934 6398
6935 31767
6936 3425
6937 29873
6938 19559
6939 16068
6940 21472
6941 1503
6942 14877
6943 9250
6944 24963
6945 18433
6946 17875
6947 20715
6948 6314
6949 25162
6950 20226
6951 26497
6952 4030
6953 22733
6954 13185
6955 20530
6956 18534
6957 14050
6958 24661
6959 22202
6960 26366
6961 14539
6962 25802
6963 16649
6964 32325
6965 14487
6966 15299
6967 17223
6968 17237
6969 25159
6970 16206
6971 29974
6972 15833
6973 29488
6974 31355
6975 11287
6976 18554
6977 2208
6978 19823
6979 24495
6980 30106
6981 16836
6982 6068
6983 31243
6984 11333
6985 14537
6986 23763
6987 14945
6988 4452
6989 5954
6990 5925
6991 3193
6992 4404
6993 18890
6994 11494
6995 31085
6996 7415
6997 5866
6998 15243
6999 5549
7000 28906
7001 7485
7002 11605
7003 4165
7004 30326
7005 31953
7006 19751
7007 18275
7008 5802
7009 12241
7010 19605
7011 1555
7012 4329
7013 22113
7014 28733
7015 20302
7016 10720
7017 31178
7018 22106
7019 23091
7020 18107
7021 2775
7022 2966
7023 9108
7024 18585
7025 8063
7026 25120
7027 14516
7028 15421
7029 13251
7030 16127
7031 8015
7032 12806
7033 29146
7034 20902
7035 32475
7036 21025
7037 17804
7038 27080
7039 28430
7040 253
7041 16092
7042 24429
7043 4000
7044 10239
7045 2025
7046 16710
7047 19794
7048 30328
7049 29206
7050 15677
7051 30767
7052 11988
7053 24169
7054 30545
7055 3858
7056 21524
7057 1329
7058 17057
7059 25704
7060 19326
7061 24812
7062 28870
7063 55
7064 18066
7065 16487
7066 11110
7067 25440
7068 2369
7069 17447
7070 3078
7071 4129
7072 24666
7073 19208
7074 26144
7075 31709
7076 23621
7077 4644
7078 30582
7079 20000
7080 9203
7081 3062
7082 29349
7083 4318
7084 29717
7085 12992
7086 6141
7087 13819
7088 7820
7089 23081
7090 20624
7091 5648
7092 7713
7093 17451
7094 32649
7095 19565
7096 4727
7097 32044
7098 32192
7099 5210
7100 14397
7101 17259
7102 29579
7103 2979
7104 12712
7105 32158
7106 1238
7107 32339
7108 13089
7109 1242
7110 886
7111 8127
7112 26683
7113 17842
7114 7098
7115 21702
7116 9447
7117 31907
7118 12099
7119 29528
7120 14059
7121 4528
7122 21014
7123 6965
7124 27536
7125 22345
7126 7664
7127 3063
7128 7579
7129 12401
7130 20442
7131 7251
7132 24447
7133 25120
7134 25596
7135 13980
7136 5585
7137 5094
7138 9142
7139 32392
7140 5628
7141 17362
7142 23021
7143 1079
7144 7478
7145 12690
7146 8611
7147 10353
7148 13235
7149 1243
7150 715
7151 5680
7152 20504
7153 13068
7154 20827
7155 30046
7156 20274
7157 26638
7158 674
7159 15071
7160 5096
7161 30334
7162 27868
7163 14802
7164 25454
7165 4878
7166 9476
7167 23060
7168 20924
7169 24360
7170 28393
7171 6150
7172 21055
7173 1749
7174 29572
7175 12689
7176 16590
7177 30174
7178 12681
7179 9319
7180 30431
7181 26673
7182 23612
7183 24971
7184 16635
7185 22917
7186 7302
7187 23059
7188 18543
7189 6209
7190 26696
7191 18733
7192 17733
7193 32666
7194 25583
7195 24416
7196 3186
7197 7420
7198 585
7199 13076
7200 20049
7201 17580
7202 22167
7203 6741
7204 6480
7205 22955
7206 19683
7207 20948
7208 29930
7209 19677
7210 15507
7211 5422
7212 10453
7213 5994
7214 2367
7215 3185
7216 1148
7217 13413
7218 17856
7219 13021
7220 15023
7221 23980
7222 3465
7223 6887
7224 9625
7225 4111
7226 2107
7227 13188
7228 1779
7229 6836
7230 19315
7231 29347
7232 6264
7233 15801
7234 3814
7235 2299
7236 153
7237 7196
7238 26289
7239 776
7240 32625
7241 1240
7242 30698
7243 31568
7244 26619
7245 22353
7246 23419
7247 16875
7248 14723
7249 1778
7250 9008
7251 7490
7252 27994
7253 533
7254 13582
7255 2071
7256 19662
7257 35
7258 28903
7259 4294
7260 25433
7261 31484
7262 21547
7263 15818
7264 24857
7265 22425
7266 4097
7267 7042
7268 384
7269 496
7270 17814
7271 22325
7272 19021
7273 23
7274 23733
7275 2901
7276 14011
7277 16557
7278 10393
7279 8448
7280 8952
7281 10358
7282 20223
7283 27340
7284 3032
7285 9029
7286 9599
7287 23748
7288 30411
7289 15391
7290 31003
7291 1454
7292 5645
7293 157
7294 29721
7295 11664
7296 32028
7297 13202
7298 5646
7299 15730
7300 31087
7301 4846
7302 29244
7303 21604
7304 25445
7305 13538
7306 10269
7307 11715
7308 31612
7309 16453
7310 19008
7311 15545
7312 10179
7313 1079
7314 10068
7315 8451
7316 9618
7317 13060
7318 10627
7319 22775
7320 888
7321 17483
7322 16385
7323 21701
7324 30581
7325 16991
7326 1764
7327 20221
7328 25961
7329 1773
7330 8502
7331 3665
7332 10701
7333 10975
7334 31048
7335 29853
7336 31905
7337 11649
7338 23370
7339 32548
7340 165
7341 5858
7342 7705
7343 7196
7344 21196
7345 6526
7346 20056
7347 31086
7348 11758
7349 30489
7350 4034
7351 12471
7352 30397
7353 11502
7354 10430
7355 29842
7356 17402
7357 11017
7358 27700
7359 8985
7360 14057
7361 6898
7362 30112
7363 25001
7364 14338
7365 31115
7366 27493
7367 9702
7368 27625
7369 2107
7370 15203
7371 20479
7372 29856
7373 22860
7374 1483
7375 14900
7376 21244
7377 31634
7378 10802
7379 24981
7380 31829
7381 2382
7382 10981
7383 3084
7384 30850
7385 7761
7386 23165
7387 3997
7388 7172
7389 31077
7390 1971
7391 7917
7392 12930
7393 19688
7394 7029
7395 16129
7396 11638
7397 698
7398 23865
7399 19017
7400 11045
7401 30554
7402 20881
7403 9437
7404 27092
7405 28747
7406 26367
7407 1542
7408 31545
7409 20925
7410 25867
7411 31488
7412 19504
7413 22377
7414 20884
7415 1790
7416 21679
7417 21693
7418 16484
7419 1135
7420 1020
7421 16441
7422 16647
7423 11136
7424 15645
7425 3609
7426 24284
7427 25058
7428 30609
7429 7732
7430 26476
7431 14285
7432 22589
7433 16676
7434 27387
7435 13893
7436 22185
7437 6311
7438 11101
7439 25244
7440 17004
7441 22341
7442 27915
7443 6968
7444 15589
7445 9011
7446 24182
7447 12694
7448 31532
7449 8312
7450 2459
7451 25999
7452 25672
7453 26190
7454 984
7455 9690
7456 24483
7457 25547
7458 20478
7459 14803
7460 26555
7461 30656
7462 9895
7463 14458
7464 13593
7465 16354
7466 6346
7467 28863
7468 5511
7469 25383
7470 16524
7471 9981
7472 17278
7473 23411
7474 29785
7475 19396
7476 20958
7477 628
7478 12340
7479 4059
7480 32737
7481 26058
7482 10571
7483 31109
7484 2386
7485 9836
7486 16335
7487 24324
7488 18170
7489 26439
7490 17154
7491 27228
7492 13148
7493 3880
7494 15250
7495 2649
7496 10146
7497 25051
7498 12325
7499 29907
7500 25814
7501 13461
7502 6197
7503 7729
7504 15701
7505 16783
7506 28958
7507 18988
7508 29313
7509 24308
7510 10613
7511 6614
7512 6839
7513 7421
7514 22172
7515 15066
7516 9089
7517 3930
7518 26771
7519 7173
7520 17420
7521 17877
7522 20497
7523 19205
7524 29660
7525 14386
7526 19156
7527 24433
7528 14782
7529 10585
7530 18997
7531 5898
7532 26366
7533 17847
7534 10239
7535 1857
7536 4827
7537 225
7538 7553
7539 2041
7540 27192
7541 30330
7542 12514
7543 15245
7544 10132
7545 21080
7546 3253
7547 22549
7548 18236
7549 994
7550 30157
7551 5605
7552 19391
7553 16572
7554 21331
7555 26455
7556 9891
7557 6823
7558 32021
7559 24011
7560 6486
7561 11426
7562 17441
7563 24555
7564 8807
7565 9045
7566 27027
7567 5428
7568 19190
7569 9392
7570 30635
7571 10930
7572 26730
7573 23248
7574 12579
7575 21770
7576 9826
7577 9762
7578 2751
7579 13246
7580 27885
7581 15050
7582 25381
7583 31149
7584 30461
7585 11590
7586 27887
7587 32473
7588 11545
7589 12878
7590 32511
7591 8045
7592 6227
7593 5631
7594 16146
7595 3071
7596 378
7597 11833
7598 23192
7599 28434
7600 4240
7601 19526
7602 16836
7603 3039
7604 126
7605 29116
7606 6367
7607 14933
7608 15111
7609 19620
7610 21473
7611 25694
7612 28923
7613 16091
7614 12354
7615 26724
7616 685
7617 29881
7618 270
7619 1300
7620 19622
7621 20209
7622 312
7623 12897
7624 11419
7625 9144
7626 8240
7627 3020
7628 21149
7629 6954
7630 31927
7631 12259
7632 12944
7633 10985
7634 499
7635 14600
7636 10718
7637 29959
7638 23230
7639 13172
7640 11629
7641 3622
7642 12100
7643 13436
7644 5070
7645 28381
7646 24781
7647 30482
7648 20407
7649 5214
7650 14295
7651 8590
7652 11955
7653 5206
7654 14440
7655 6319
7656 28696
7657 10261
7658 4258
7659 988
7660 18489
7661 29423
7662 21912
7663 26288
7664 9182
7665 2018
7666 608
7667 29622
7668 16369
7669 29305
7670 28010
7671 31857
7672 27002
7673 18159
7674 10255
7675 8864
7676 31182
7677 32152
7678 31853
7679 11967
7680 25346
7681 7549
7682 32115
7683 12241
7684 24742
7685 31302
7686 23864
7687 18525
7688 8368
7689 2398
7690 32145
7691 19639
7692 30903
7693 4689
7694 28386
7695 5760
7696 31586
7697 15993
7698 20788
7699 12656
7700 543
7701 19417
7702 19336
7703 17747
7704 32536
7705 26441
7706 3435
7707 24914
7708 11107
7709 29140
7710 3787
7711 3188
7712 25976
7713 13662
7714 521
7715 16229
7716 21481
7717 19593
7718 11343
7719 11125
7720 8269
7721 16858
7722 6180
7723 29411
7724 24189
7725 10776
7726 22078
7727 13916
7728 29700
7729 15861
7730 16535
7731 7103
7732 5072
7733 14065
7734 29635
7735 12835
7736 8750
7737 29562
7738 29312
7739 22299
7740 5365
7741 9816
7742 10127
7743 313
7744 9216
7745 5448
7746 14786
7747 5072
7748 24034
7749 10983
7750 26199
7751 8190
7752 29910
7753 24530
7754 21892
7755 14058
7756 22517
7757 16140
7758 7507
7759 12619
7760 27820
7761 2464
7762 26288
7763 4138
7764 31852
7765 15751
7766 26816
7767 23272
7768 10915
7769 971
7770 11893
7771 7810
7772 1772
7773 18925
7774 23136
7775 29204
7776 3970
7777 2693
7778 23750
7779 9372
7780 14331
7781 2344
7782 20469
7783 30721
7784 18483
7785 1422
7786 28376
7787 3412
7788 10118
7789 10740
7790 22986
7791 26197
7792 26690
7793 14528
7794 7592
7795 8249
7796 10075
7797 15716
7798 12586
7799 19370
7800 5217
7801 17540
7802 23667
7803 1552
7804 13744
7805 24411
7806 16102
7807 14351
7808 15591
7809 30299
7810 26428
7811 7504
7812 32667
7813 12051
7814 12755
7815 31109
7816 26700
7817 26966
7818 24905
7819 7847
7820 29591
7821 6042
7822 9546
7823 10370
7824 3502
7825 30366
7826 934
7827 4468
7828 25606
7829 26704
7830 22439
7831 1138
7832 32591
7833 30189
7834 23457
7835 4171
7836 14761
7837 15722
7838 28874
7839 8241
7840 25877
7841 19987
7842 6476
7843 23925
7844 13865
7845 14450
7846 22681
7847 24210
7848 18185
7849 21874
7850 28159
7851 18285
7852 18066
7853 2244
7854 7548
7855 16091
7856 10200
7857 642
7858 31443
7859 23908
7860 26067
7861 17426
7862 27359
7863 31047
7864 12117
7865 27726
7866 20264
7867 29629
7868 3903
7869 3809
7870 4020
7871 27522
7872 25845
7873 6900
7874 30496
7875 30866
7876 16655
7877 5387
7878 5359
7879 21808
7880 31314
7881 10281
7882 6689
7883 6189
7884 3806
7885 21051
7886 25607
7887 25703
7888 9640
7889 12211
7890 10583
7891 12688
7892 17451
7893 10868
7894 32124
7895 4657
7896 3163
7897 4078
7898 7727
7899 6894
7900 5851
7901 21130
7902 16203
7903 20235
7904 15727
7905 31304
7906 18653
7907 13871
7908 27060
7909 2214
7910 15227
7911 32616
7912 15375
7913 21445
7914 11992
7915 21872
7916 7907
7917 7367
7918 7829
7919 18479
7920 6663
7921 25979
7922 31065
7923 28544
7924 31351
7925 18748
7926 9763
7927 11064
7928 8777
7929 23830
7930 29663
7931 9317
7932 5347
7933 23339
7934 10040
7935 29651
7936 4972
7937 7509
7938 6830
7939 4565
7940 23936
7941 11021
7942 9448
7943 29505
7944 27176
7945 24204
7946 14667
7947 30653
7948 11529
7949 25903
7950 30411
7951 3385
7952 15323
7953 7968
7954 6401
7955 11453
7956 26653
7957 8755
7958 32638
7959 5221
7960 8455
7961 25614
7962 16224
7963 25258
7964 12737
7965 20365
7966 29475
7967 30434
7968 12242
7969 18789
7970 15545
7971 15114
7972 11739
7973 26631
7974 11740
7975 15044
7976 1669
7977 25287
7978 2723
7979 11164
7980 21432
7981 31805
7982 6739
7983 19087
7984 26126
7985 27627
7986 31352
7987 13006
7988 20615
7989 2849
7990 10293
7991 4543
7992 23678
7993 18718
7994 13273
7995 23621
7996 31195
7997 10872
7998 21170
7999 26945
8000 32651
