1 19803
2 22285
3 20200
4 18741
5 4769
6 13204
7 9869
8 9179
9 25139
10 6546
11 7347
12 22080
13 25785
14 15392
15 20708
16 5979
17 29853
18 19986
19 9331
20 5571
21 20078
22 204
23 3586
24 3359
25 8322
26 25944
27 17990
28 20445
29 15840
30 25525
31 12815
32 6439
33 30812
34 15473
35 11650
36 15122
37 26116
38 18554
39 7337
40 32025
41 5563
42 27441
43 25903
44 16075
45 30500
46 27328
47 13668
48 12992
49 31170
50 8877
51 15495
52 17873
53 10077
54 17584
55 14405
56 1672
57 15783
58 7106
59 31613
60 8406
61 2847
62 1399
63 21062
64 16900
65 4918
66 5517
67 26419
68 30956
69 15792
70 6085
71 3542
72 26217
73 5454
74 25585
75 5762
76 21004
77 22954
78 14415
79 3925
80 30481
81 26722
82 3605
83 5750
84 7569
85 16760
86 7245
87 8604
88 21497
89 11001
90 31971
91 24272
92 23738
93 14301
94 10237
95 4723
96 9282
97 13871
98 14730
99 5762
100 21292
101 18542
102 13598
103 24345
104 20659
105 11826
106 15357
107 10294
108 18797
109 18
110 26998
111 12480
112 3638
113 25286
114 18802
115 9928
116 24425
117 30089
118 7500
119 10510
120 30807
121 32705
122 25315
123 455
124 28401
125 8674
126 20974
127 32413
128 15304
129 3472
130 17296
131 2552
132 32312
133 2308
134 14381
135 27004
136 20703
137 16816
138 28539
139 17875
140 16980
141 12838
142 18140
143 24492
144 17942
145 7990
146 20971
147 5635
148 12739
149 28758
150 24916
151 8611
152 6795
153 26440
154 27626
155 10730
156 9955
157 31478
158 3571
159 5837
160 10366
161 22945
162 4806
163 17435
164 4729
165 22074
166 15513
167 31238
168 8150
169 17680
170 16020
171 20191
172 15915
173 2988
174 7466
175 22049
176 4251
177 26617
178 26792
179 16561
180 7942
181 12969
182 1550
183 21092
184 1405
185 8403
186 31263
187 20674
188 14329
189 18657
190 27316
191 20234
192 11852
193 28329
194 19029
195 31606
196 3159
197 23258
198 25098
199 20927
200 6782
201 16794
202 11631
203 22244
204 8793
205 31853
206 15623
207 16936
208 940
209 7001
210 4818
211 14169
212 5530
213 4424
214 11554
215 30296
216 10261
217 32685
218 13226
219 9174
220 14745
221 25962
222 31448
223 3932
224 13594
225 13554
226 20837
227 6798
228 19515
229 5546
230 19498
231 9648
232 16832
233 21654
234 1077
235 9577
236 14406
237 18481
238 31516
239 17863
240 22833
241 11164
242 6545
243 16004
244 26599
245 13563
246 31799
247 15496
248 5436
249 27421
250 692
251 1198
252 10028
253 32347
254 21768
255 13259
256 18640
257 10434
258 21277
259 16365
260 5771
261 22900
262 8862
263 7904
264 14981
265 12107
266 20237
267 13815
268 11610
269 1728
270 12304
271 30472
272 28435
273 7947
274 2572
275 20153
276 19541
277 6796
278 7413
279 18426
280 984
281 24170
282 5477
283 2259
284 24603
285 5498
286 5099
287 3168
288 6486
289 23138
290 16037
291 15898
292 5041
293 19710
294 4369
295 23127
296 19891
297 5890
298 24096
299 14357
300 4861
301 9185
302 14476
303 24563
304 18232
305 4078
306 13676
307 5248
308 23884
309 4801
310 15622
311 12216
312 20178
313 26845
314 24036
315 31180
316 10189
317 144
318 22058
319 23842
320 31380
321 28186
322 18214
323 7069
324 20499
325 27409
326 18217
327 26910
328 26675
329 25859
330 17813
331 3915
332 24215
333 24414
334 30008
335 32399
336 1929
337 11405
338 12504
339 28769
340 6452
341 16996
342 3599
343 32458
344 29971
345 11710
346 4698
347 21793
348 9641
349 26980
350 15980
351 24090
352 25715
353 7217
354 25544
355 4863
356 15387
357 628
358 30862
359 20540
360 6894
361 1686
362 23957
363 21281
364 27024
365 19709
366 19131
367 17636
368 31214
369 14127
370 21881
371 30437
372 25205
373 8763
374 17851
375 13366
376 6530
377 25685
378 11502
379 19547
380 25881
381 19904
382 29530
383 15182
384 29401
385 12529
386 20402
387 4807
388 11311
389 13809
390 23785
391 2233
392 6859
393 32003
394 16968
395 20256
396 29008
397 21639
398 8638
399 6394
400 3152
401 1566
402 16503
403 28819
404 32631
405 32527
406 7599
407 17158
408 774
409 22505
410 27593
411 17665
412 21891
413 32618
414 8091
415 5320
416 26031
417 3232
418 2573
419 15741
420 22713
421 31822
422 12258
423 32670
424 16561
425 23953
426 21461
427 719
428 5951
429 12739
430 26344
431 21722
432 20629
433 928
434 21241
435 23028
436 6818
437 31143
438 21398
439 4674
440 7305
441 26563
442 20754
443 22683
444 19025
445 9259
446 29144
447 32400
448 8414
449 9095
450 22016
451 27049
452 24096
453 8276
454 12576
455 5618
456 2442
457 20873
458 13925
459 8630
460 24774
461 29819
462 2786
463 18059
464 31911
465 11774
466 12839
467 25486
468 16991
469 1741
470 10518
471 31984
472 29938
473 1836
474 8946
475 21682
476 31466
477 13771
478 7353
479 172
480 11341
481 32238
482 15028
483 8660
484 15564
485 16587
486 9292
487 8381
488 5693
489 5683
490 21023
491 4958
492 14155
493 117
494 595
495 12309
496 27244
497 6016
498 18218
499 29164
500 26900
501 28487
502 25559
503 21018
504 16169
505 15722
506 27537
507 15053
508 694
509 530
510 22245
511 5926
512 13283
513 14364
514 848
515 9349
516 22821
517 20603
518 20749
519 26888
520 11186
521 31959
522 21292
523 29518
524 26680
525 3450
526 17892
527 18305
528 6094
529 26221
530 16170
531 7571
532 25899
533 20446
534 19842
535 21703
536 21013
537 9669
538 30998
539 16500
540 24861
541 10952
542 23301
543 12806
544 1930
545 603
546 16125
547 25669
548 31635
549 5675
550 780
551 11226
552 13009
553 27325
554 10675
555 4366
556 9459
557 10066
558 21053
559 14038
560 9908
561 21775
562 2894
563 13069
564 28938
565 6490
566 13247
567 15360
568 10400
569 28551
570 23977
571 20271
572 31111
573 9652
574 26560
575 13650
576 6953
577 8433
578 16611
579 1947
580 20606
581 11429
582 2545
583 6715
584 14466
585 22829
586 2525
587 28711
588 742
589 11717
590 10245
591 7196
592 23813
593 12716
594 24767
595 13024
596 11035
597 4227
598 26677
599 13004
600 25009
601 24054
602 28532
603 1159
604 4956
605 15519
606 16319
607 30996
608 1703
609 27687
610 8233
611 26895
612 26702
613 687
614 14691
615 22835
616 28077
617 21870
618 27602
619 18464
620 31607
621 21659
622 19428
623 2395
624 9387
625 24205
626 14501
627 20887
628 5572
629 20001
630 16525
631 22579
632 16433
633 18524
634 18588
635 12803
636 23044
637 3409
638 10666
639 18771
640 1518
641 20549
642 14328
643 5929
644 14187
645 23314
646 26890
647 459
648 10042
649 201
650 3001
651 1153
652 27664
653 9115
654 18052
655 1180
656 2957
657 20986
658 20519
659 30647
660 5999
661 16123
662 5743
663 16189
664 11014
665 6655
666 18252
667 23852
668 23784
669 2450
670 28712
671 26136
672 30949
673 19859
674 10103
675 21618
676 5693
677 19606
678 29839
679 8458
680 24081
681 4230
682 27066
683 17619
684 5656
685 30351
686 9354
687 2022
688 17299
689 5690
690 10349
691 16842
692 31363
693 9178
694 18305
695 28403
696 11545
697 21032
698 3498
699 16264
700 3950
701 30506
702 25057
703 874
704 25460
705 30809
706 20943
707 6001
708 16685
709 16898
710 15258
711 14329
712 12058
713 19949
714 18943
715 23709
716 7927
717 32061
718 30369
719 322
720 8869
721 18839
722 1696
723 88
724 28008
725 4486
726 13678
727 25180
728 30034
729 1054
730 478
731 18081
732 18687
733 28640
734 20862
735 18769
736 28035
737 30942
738 24103
739 2734
740 22689
741 31264
742 8658
743 15262
744 23358
745 5701
746 13485
747 21351
748 4116
749 15213
750 20847
751 21175
752 8875
753 7767
754 29672
755 14311
756 645
757 28871
758 17884
759 2176
760 22169
761 22315
762 19985
763 5119
764 17668
765 24957
766 5543
767 21461
768 25338
769 2923
770 14248
771 3250
772 24834
773 1974
774 3808
775 5379
776 18275
777 23256
778 30191
779 25786
780 22233
781 2281
782 19868
783 21069
784 24973
785 23235
786 15724
787 8449
788 12356
789 32357
790 25204
791 17512
792 18391
793 1685
794 24683
795 32040
796 8931
797 3530
798 2307
799 13055
800 13249
801 72
802 3449
803 12292
804 17081
805 20877
806 28267
807 8496
808 31858
809 8428
810 7659
811 28
812 17581
813 4472
814 2001
815 18956
816 8499
817 22819
818 29781
819 10285
820 20748
821 19239
822 30941
823 27931
824 25586
825 24997
826 27411
827 2982
828 26118
829 2700
830 2619
831 27350
832 29633
833 15293
834 21188
835 15149
836 18988
837 4717
838 12316
839 12587
840 10068
841 458
842 201
843 18712
844 3832
845 21729
846 8374
847 30717
848 18310
849 1983
850 28106
851 28148
852 9030
853 15318
854 31423
855 19873
856 27092
857 19363
858 25650
859 32001
860 30163
861 16782
862 31734
863 29538
864 23264
865 13842
866 16046
867 10419
868 10181
869 22813
870 18331
871 2558
872 6383
873 10938
874 14002
875 5939
876 20259
877 9965
878 15602
879 3623
880 24172
881 26846
882 17140
883 18140
884 18776
885 2362
886 24004
887 9475
888 15459
889 15319
890 1519
891 17087
892 7604
893 28823
894 17629
895 14508
896 17671
897 31630
898 19553
899 10016
900 28651
901 2151
902 11407
903 25777
904 17965
905 23811
906 7118
907 30199
908 660
909 12132
910 1326
911 12947
912 5070
913 4810
914 20731
915 15215
916 18859
917 16411
918 7058
919 9800
920 25225
921 15752
922 20083
923 618
924 3344
925 10606
926 20376
927 6843
928 12831
929 11386
930 15109
931 6395
932 6917
933 22289
934 23201
935 28234
936 18421
937 28143
938 20548
939 9451
940 2740
941 27150
942 9745
943 32583
944 14741
945 12233
946 14598
947 2101
948 3751
949 16705
950 12753
951 30840
952 1837
953 28672
954 32741
955 5513
956 22350
957 20956
958 2766
959 28056
960 17934
961 32030
962 3521
963 5325
964 1405
965 20452
966 20856
967 18387
968 23342
969 18116
970 14397
971 6039
972 11499
973 9906
974 20548
975 589
976 17831
977 32292
978 24637
979 7605
980 26292
981 16756
982 8746
983 13980
984 31031
985 1669
986 8302
987 2469
988 29656
989 9129
990 26919
991 31049
992 18622
993 13762
994 3006
995 25885
996 28602
997 20904
998 5309
999 1619
1000 24770
1001 25803
1002 31712
1003 30084
1004 4770
1005 2330
1006 14446
1007 15789
1008 20974
1009 20515
1010 28617
1011 8311
1012 1083
1013 18811
1014 29252
1015 28603
1016 11150
1017 18528
1018 31286
1019 8261
1020 15893
1021 11421
1022 24909
1023 31192
1024 9749
1025 12974
1026 16420
1027 2163
1028 32292
1029 3877
1030 11287
1031 13011
1032 23960
1033 22860
1034 1878
1035 6713
1036 18751
1037 2316
1038 5944
1039 10093
1040 7249
1041 3085
1042 21714
1043 26883
1044 32162
1045 13855
1046 11209
1047 9949
1048 13596
1049 4313
1050 7012
1051 20209
1052 30061
1053 20095
1054 28133
1055 8012
1056 28157
1057 25641
1058 31258
1059 12631
1060 14627
1061 3874
1062 9007
1063 19034
1064 31384
1065 18831
1066 2758
1067 5438
1068 16940
1069 29265
1070 10569
1071 10647
1072 1719
1073 11308
1074 16511
1075 994
1076 19795
1077 14376
1078 23646
1079 21258
1080 20680
1081 20279
1082 22049
1083 16178
1084 15688
1085 16153
1086 3482
1087 3502
1088 21597
1089 20093
1090 19656
1091 18002
1092 3359
1093 11369
1094 2476
1095 15856
1096 1194
1097 28379
1098 31321
1099 10780
1100 21199
1101 25777
1102 12107
1103 8754
1104 5898
1105 16070
1106 10233
1107 12699
1108 20916
1109 21598
1110 5549
1111 24395
1112 23930
1113 1732
1114 16532
1115 20110
1116 7438
1117 2097
1118 17169
1119 23813
1120 12572
1121 2544
1122 3927
1123 25067
1124 19072
1125 5568
1126 29495
1127 29341
1128 27830
1129 5754
1130 3638
1131 20570
1132 13458
1133 21491
1134 28131
1135 25415
1136 30513
1137 26148
1138 17512
1139 26294
1140 19759
1141 25480
1142 27998
1143 10919
1144 24090
1145 20166
1146 13542
1147 3727
1148 39
1149 1936
1150 5365
1151 6489
1152 36
1153 17099
1154 23791
1155 21163
1156 9646
1157 19952
1158 30584
1159 16746
1160 18340
1161 8626
1162 17031
1163 13184
1164 1244
1165 2017
1166 11707
1167 13021
1168 29972
1169 22670
1170 4851
1171 19387
1172 26155
1173 4720
1174 32025
1175 2087
1176 31121
1177 21126
1178 20798
1179 17597
1180 13820
1181 28414
1182 3564
1183 17075
1184 24924
1185 14678
1186 5303
1187 6937
1188 14098
1189 11201
1190 12822
1191 30558
1192 20060
1193 1484
1194 22385
1195 13079
1196 17684
1197 7233
1198 15227
1199 19196
1200 667
1201 24651
1202 21698
1203 15667
1204 10000
1205 25052
1206 25221
1207 16082
1208 31429
1209 20812
1210 30661
1211 27295
1212 29171
1213 17475
1214 15518
1215 19738
1216 6316
1217 16856
1218 23000
1219 29117
1220 31506
1221 23034
1222 17082
1223 21890
1224 24007
1225 19471
1226 20766
1227 25254
1228 23204
1229 220
1230 26571
1231 22956
1232 13742
1233 23461
1234 3838
1235 19366
1236 32325
1237 9877
1238 16202
1239 2480
1240 20639
1241 7776
1242 20130
1243 11709
1244 19317
1245 24870
1246 13237
1247 8342
1248 3580
1249 17563
1250 4986
1251 16671
1252 21015
1253 22373
1254 19723
1255 4316
1256 30411
1257 4549
1258 30646
1259 2485
1260 3827
1261 31098
1262 1873
1263 246
1264 18485
1265 15586
1266 2767
1267 15258
1268 15924
1269 2403
1270 14609
1271 6089
1272 3591
1273 8457
1274 16382
1275 28575
1276 15851
1277 29552
1278 2518
1279 6447
1280 19764
1281 15845
1282 27843
1283 10184
1284 138
1285 30408
1286 30898
1287 21111
1288 15953
1289 2100
1290 22368
1291 9164
1292 3945
1293 7651
1294 29368
1295 22241
1296 6168
1297 2635
1298 21852
1299 1433
1300 7492
1301 1805
1302 31106
1303 3110
1304 27110
1305 21648
1306 31233
1307 17870
1308 10427
1309 31977
1310 22955
1311 1774
1312 1597
1313 15871
1314 21726
1315 30783
1316 11985
1317 24300
1318 29014
1319 14168
1320 32066
1321 29862
1322 16453
1323 24692
1324 28014
1325 23006
1326 1702
1327 25974
1328 10047
1329 24104
1330 16334
1331 22058
1332 13789
1333 28765
1334 11844
1335 32206
1336 16162
1337 18493
1338 28370
1339 31185
1340 20303
1341 21337
1342 16860
1343 11738
1344 3325
1345 26929
1346 32497
1347 14604
1348 26966
1349 2713
1350 26272
1351 20617
1352 8324
1353 12385
1354 18061
1355 9012
1356 7786
1357 27956
1358 9156
1359 10940
1360 7058
1361 26305
1362 24396
1363 3542
1364 1639
1365 27161
1366 2304
1367 30665
1368 3237
1369 8024
1370 21658
1371 2352
1372 22797
1373 8328
1374 25873
1375 17915
1376 22877
1377 30658
1378 25125
1379 9400
1380 8319
1381 18582
1382 3127
1383 8977
1384 14593
1385 10414
1386 16991
1387 917
1388 31685
1389 27565
1390 11961
1391 6331
1392 16122
1393 26205
1394 3327
1395 16675
1396 29002
1397 27914
1398 16221
1399 31008
1400 30037
1401 4393
1402 9600
1403 9588
1404 20831
1405 25150
1406 27121
1407 31578
1408 1861
1409 13820
1410 14753
1411 10698
1412 10422
1413 15277
1414 6597
1415 10232
1416 31647
1417 24276
1418 20451
1419 19742
1420 17127
1421 15633
1422 4141
1423 5499
1424 32605
1425 13126
1426 26127
1427 14491
1428 15599
1429 17912
1430 2820
1431 29914
1432 16412
1433 26872
1434 8109
1435 13348
1436 10156
1437 27202
1438 31524
1439 28158
1440 22174
1441 1061
1442 1166
1443 27338
1444 14946
1445 23204
1446 19183
1447 19526
1448 16712
1449 26653
1450 20291
1451 32599
1452 5433
1453 7464
1454 13514
1455 31493
1456 28325
1457 14274
1458 19363
1459 28870
1460 5052
1461 5547
1462 10652
1463 20991
1464 22497
1465 1548
1466 17737
1467 20168
1468 12123
1469 24157
1470 18259
1471 12784
1472 11086
1473 22150
1474 1555
1475 15936
1476 29162
1477 28740
1478 24415
1479 28932
1480 1763
1481 28111
1482 25764
1483 19912
1484 30753
1485 7098
1486 3381
1487 5984
1488 17080
1489 29210
1490 25315
1491 6699
1492 1050
1493 20714
1494 23758
1495 27544
1496 19340
1497 23470
1498 23675
1499 17128
1500 8150
1501 14423
1502 294
1503 20278
1504 3391
1505 13671
1506 17753
1507 11957
1508 20408
1509 6997
1510 6845
1511 27450
1512 27992
1513 11571
1514 30769
1515 8186
1516 21768
1517 7310
1518 3609
1519 11412
1520 21888
1521 29846
1522 5368
1523 6482
1524 114
1525 16510
1526 27202
1527 4267
1528 19972
1529 28966
1530 28523
1531 4621
1532 5252
1533 17912
1534 24388
1535 16858
1536 10327
1537 15632
1538 3463
1539 31409
1540 14387
1541 20127
1542 17584
1543 1006
1544 14735
1545 30609
1546 13839
1547 4468
1548 31063
1549 22381
1550 12316
1551 28842
1552 9443
1553 25981
1554 3850
1555 1731
1556 24362
1557 304
1558 7071
1559 1091
1560 13875
1561 25020
1562 19522
1563 29118
1564 3277
1565 10503
1566 7254
1567 31203
1568 19584
1569 7624
1570 28102
1571 5306
1572 29635
1573 20713
1574 10465
1575 30762
1576 21615
1577 12849
1578 3689
1579 29118
1580 5748
1581 22559
1582 28646
1583 3497
1584 21195
1585 32537
1586 16960
1587 12039
1588 23212
1589 966
1590 16013
1591 32101
1592 32512
1593 23736
1594 1320
1595 19332
1596 27673
1597 22350
1598 30467
1599 23386
1600 28065
1601 7128
1602 14654
1603 9050
1604 11984
1605 15613
1606 5880
1607 30965
1608 19170
1609 22106
1610 13669
1611 17505
1612 16841
1613 32364
1614 20000
1615 8601
1616 9503
1617 4016
1618 25539
1619 4773
1620 4446
1621 3336
1622 9398
1623 10011
1624 18259
1625 9569
1626 28740
1627 15590
1628 31184
1629 6803
1630 12788
1631 15942
1632 9122
1633 3976
1634 1814
1635 280
1636 31170
1637 417
1638 25244
1639 11096
1640 19920
1641 29013
1642 9003
1643 16612
1644 29884
1645 32284
1646 20338
1647 16002
1648 1479
1649 31115
1650 27835
1651 26149
1652 1450
1653 13760
1654 9151
1655 8300
1656 21012
1657 4864
1658 10175
1659 5996
1660 24922
1661 4255
1662 5072
1663 28335
1664 10858
1665 25888
1666 12919
1667 15484
1668 18690
1669 24990
1670 25461
1671 10329
1672 12831
1673 9323
1674 5092
1675 21199
1676 3255
1677 24310
1678 31875
1679 27245
1680 682
1681 13042
1682 6735
1683 4624
1684 7671
1685 27316
1686 5459
1687 31841
1688 1579
1689 4317
1690 2496
1691 24734
1692 12832
1693 11066
1694 26432
1695 11422
1696 25059
1697 7400
1698 23176
1699 6159
1700 29942
1701 29628
1702 29996
1703 32003
1704 28856
1705 9441
1706 1976
1707 6571
1708 19233
1709 31939
1710 25084
1711 8033
1712 19890
1713 17964
1714 28071
1715 13036
1716 9388
1717 27821
1718 22296
1719 16896
1720 28289
1721 7744
1722 14448
1723 20997
1724 24456
1725 12331
1726 31468
1727 11289
1728 19956
1729 19240
1730 25202
1731 2648
1732 14855
1733 8898
1734 30569
1735 10843
1736 9859
1737 15362
1738 17102
1739 26878
1740 21858
1741 1867
1742 4228
1743 19303
1744 15558
1745 20867
1746 11244
1747 6468
1748 18483
1749 20595
1750 19126
1751 27731
1752 14844
1753 20081
1754 6647
1755 22824
1756 16635
1757 14652
1758 8571
1759 5419
1760 5765
1761 6183
1762 29020
1763 15840
1764 14493
1765 11642
1766 19923
1767 9579
1768 5224
1769 18197
1770 19791
1771 18515
1772 13538
1773 598
1774 7364
1775 20614
1776 18894
1777 1853
1778 24134
1779 18845
1780 6899
1781 32462
1782 21974
1783 27234
1784 15237
1785 18615
1786 22652
1787 6031
1788 4578
1789 13363
1790 12694
1791 985
1792 1919
1793 16430
1794 29295
1795 4397
1796 29985
1797 9898
1798 24595
1799 22330
1800 8016
1801 14177
1802 29538
1803 29487
1804 22280
1805 17836
1806 8036
1807 1222
1808 4787
1809 11683
1810 20956
1811 31873
1812 4948
1813 13446
1814 25120
1815 7987
1816 27141
1817 18524
1818 25127
1819 25283
1820 29091
1821 25305
1822 1508
1823 2093
1824 4296
1825 4997
1826 5330
1827 5833
1828 22521
1829 29979
1830 6609
1831 7376
1832 20513
1833 4655
1834 17712
1835 22812
1836 3390
1837 32020
1838 13579
1839 12847
1840 22875
1841 7933
1842 6103
1843 7799
1844 3006
1845 610
1846 23867
1847 25041
1848 24674
1849 7334
1850 26913
1851 17483
1852 25512
1853 23286
1854 32014
1855 9774
1856 17993
1857 30324
1858 19374
1859 5436
1860 11663
1861 21397
1862 27316
1863 18230
1864 21445
1865 28871
1866 5857
1867 7585
1868 3308
1869 10328
1870 32353
1871 5834
1872 943
1873 18835
1874 1374
1875 20488
1876 17049
1877 19756
1878 14544
1879 32065
1880 23942
1881 10462
1882 25490
1883 31151
1884 20311
1885 1618
1886 31163
1887 21988
1888 24554
1889 24899
1890 20011
1891 1804
1892 9802
1893 20704
1894 18020
1895 7027
1896 31522
1897 113
1898 156
1899 6215
1900 28536
1901 6974
1902 8208
1903 25758
1904 7063
1905 12204
1906 13210
1907 26042
1908 23117
1909 19882
1910 27270
1911 12428
1912 17495
1913 25675
1914 2978
1915 29816
1916 26
1917 8884
1918 25236
1919 856
1920 14740
1921 24633
1922 6000
1923 6851
1924 22161
1925 20419
1926 9354
1927 21135
1928 15138
1929 629
1930 24201
1931 21652
1932 12875
1933 32143
1934 17085
1935 16819
1936 20220
1937 26514
1938 32691
1939 26648
1940 22850
1941 4261
1942 27654
1943 11963
1944 7103
1945 23095
1946 24439
1947 23085
1948 9560
1949 16870
1950 8768
1951 3729
1952 21293
1953 5023
1954 26278
1955 13032
1956 14030
1957 1799
1958 206
1959 6547
1960 11436
1961 19482
1962 20689
1963 4626
1964 14029
1965 19218
1966 4882
1967 18450
1968 28612
1969 7051
1970 2768
1971 5031
1972 10721
1973 30436
1974 15095
1975 7894
1976 3749
1977 10728
1978 8508
1979 1110
1980 21112
1981 18862
1982 10088
1983 19351
1984 20638
1985 12221
1986 16116
1987 26116
1988 9064
1989 372
1990 23255
1991 4486
1992 3239
1993 18090
1994 15260
1995 17481
1996 16998
1997 21393
1998 16823
1999 1474
2000 29657
2001 2528
2002 14873
2003 22769
2004 6800
2005 13617
2006 22786
2007 7139
2008 27632
2009 1703
2010 22295
2011 124
2012 32484
2013 29653
2014 25780
2015 627
2016 31184
2017 31963
2018 26499
2019 32414
2020 23751
2021 7634
2022 13902
2023 20336
2024 15357
2025 28523
2026 18193
2027 4800
2028 32383
2029 15058
2030 852
2031 31947
2032 29985
2033 1241
2034 14007
2035 23677
2036 23992
2037 21586
2038 19407
2039 13548
2040 9866
2041 14268
2042 19248
2043 4134
2044 1539
2045 20003
2046 20683
2047 28460
2048 15018
2049 22337
2050 27515
2051 31550
2052 1875
2053 3817
2054 6874
2055 23641
2056 16277
2057 22438
2058 24409
2059 22783
2060 30846
2061 30879
2062 4240
2063 9014
2064 12678
2065 29373
2066 28114
2067 30419
2068 2498
2069 12560
2070 7429
2071 27896
2072 21850
2073 6255
2074 2992
2075 10460
2076 10045
2077 14943
2078 26198
2079 16842
2080 8979
2081 12087
2082 6659
2083 3693
2084 11124
2085 23425
2086 5156
2087 13642
2088 16471
2089 9378
2090 13467
2091 9870
2092 8653
2093 22718
2094 9747
2095 25354
2096 2799
2097 19926
2098 4241
2099 13436
2100 6420
2101 31795
2102 23116
2103 15120
2104 13128
2105 6152
2106 27327
2107 29734
2108 1530
2109 28243
2110 9212
2111 7766
2112 26357
2113 2308
2114 1603
2115 7857
2116 13714
2117 24161
2118 12755
2119 19274
2120 2859
2121 4009
2122 15104
2123 16118
2124 20434
2125 31479
2126 1158
2127 6735
2128 1859
2129 9322
2130 5149
2131 22015
2132 27160
2133 14979
2134 5454
2135 2619
2136 7996
2137 14798
2138 32388
2139 20365
2140 10658
2141 29637
2142 3174
2143 7383
2144 24119
2145 31985
2146 1892
2147 18069
2148 30229
2149 18002
2150 1936
2151 866
2152 4345
2153 26113
2154 10928
2155 6590
2156 15351
2157 21268
2158 28817
2159 6926
2160 20588
2161 6338
2162 12702
2163 20452
2164 16181
2165 17608
2166 25520
2167 14721
2168 7198
2169 5386
2170 8488
2171 19608
2172 32157
2173 10366
2174 9788
2175 18773
2176 1217
2177 14150
2178 14478
2179 21662
2180 8549
2181 5660
2182 11523
2183 13977
2184 26281
2185 2291
2186 32722
2187 25198
2188 931
2189 10459
2190 13019
2191 11086
2192 13393
2193 24870
2194 26171
2195 19124
2196 16082
2197 18377
2198 24349
2199 7146
2200 20694
2201 21765
2202 28882
2203 12496
2204 20820
2205 15942
2206 31781
2207 9177
2208 31355
2209 30795
2210 30952
2211 19286
2212 20458
2213 9351
2214 15827
2215 12791
2216 17699
2217 28103
2218 31375
2219 30862
2220 10301
2221 6166
2222 6157
2223 1303
2224 9434
2225 18397
2226 29468
2227 8950
2228 29529
2229 17487
2230 9531
2231 30847
2232 2125
2233 14596
2234 20395
2235 30139
2236 22573
2237 15076
2238 7369
2239 8297
2240 845
2241 5191
2242 27547
2243 24900
2244 32268
2245 7259
2246 22953
2247 13956
2248 2383
2249 7621
2250 7950
2251 28583
2252 3887
2253 4235
2254 28878
2255 22129
2256 14319
2257 11057
2258 23914
2259 26930
2260 19249
2261 3874
2262 22450
2263 2631
2264 12649
2265 5202
2266 25563
2267 18659
2268 10641
2269 30754
2270 6865
2271 10000
2272 1823
2273 29572
2274 30670
2275 240
2276 3124
2277 31839
2278 9260
2279 31049
2280 13334
2281 13877
2282 13688
2283 3904
2284 480
2285 22019
2286 4551
2287 16741
2288 10104
2289 32104
2290 28237
2291 25072
2292 6338
2293 20746
2294 7211
2295 74
2296 24339
2297 20022
2298 6025
2299 3024
2300 16617
2301 9158
2302 3301
2303 5075
2304 4569
2305 4680
2306 18602
2307 18659
2308 16072
2309 5980
2310 17669
2311 9037
2312 27230
2313 26718
2314 18932
2315 21218
2316 11704
2317 69
2318 21408
2319 23546
2320 20829
2321 17611
2322 13036
2323 1465
2324 4724
2325 1743
2326 7246
2327 32145
2328 18484
2329 25079
2330 6366
2331 21512
2332 32155
2333 16281
2334 3500
2335 14012
2336 21347
2337 220
2338 19799
2339 2980
2340 15922
2341 5146
2342 26587
2343 20888
2344 29969
2345 31113
2346 11435
2347 27156
2348 9247
2349 31515
2350 4864
2351 12345
2352 14214
2353 7074
2354 31856
2355 276
2356 21167
2357 312
2358 1474
2359 6435
2360 18354
2361 24286
2362 23041
2363 27413
2364 8977
2365 8547
2366 15311
2367 21458
2368 8101
2369 25480
2370 14588
2371 20411
2372 5848
2373 28001
2374 15447
2375 5427
2376 16661
2377 17150
2378 29124
2379 14430
2380 23165
2381 1611
2382 12431
2383 15400
2384 32732
2385 12341
2386 24576
2387 13450
2388 22491
2389 25870
2390 2608
2391 24073
2392 23671
2393 26675
2394 4378
2395 20095
2396 22705
2397 29420
2398 14837
2399 8989
2400 28295
2401 29331
2402 706
2403 20401
2404 14628
2405 29177
2406 30241
2407 29477
2408 24404
2409 12805
2410 29032
2411 21832
2412 10810
2413 13726
2414 4342
2415 29138
2416 29765
2417 17611
2418 14021
2419 13474
2420 1120
2421 11033
2422 24383
2423 19273
2424 10601
2425 13630
2426 14419
2427 12236
2428 10725
2429 12795
2430 11975
2431 20646
2432 23538
2433 31303
2434 26064
2435 31245
2436 31100
2437 17577
2438 19680
2439 25718
2440 1204
2441 18406
2442 18367
2443 3163
2444 20670
2445 28892
2446 7389
2447 14140
2448 682
2449 12206
2450 7655
2451 18916
2452 7846
2453 8225
2454 16024
2455 21485
2456 30066
2457 4422
2458 3538
2459 29830
2460 1556
2461 12378
2462 17645
2463 31860
2464 10188
2465 23274
2466 24911
2467 29015
2468 4170
2469 23610
2470 31804
2471 22063
2472 2591
2473 6632
2474 21744
2475 23838
2476 28530
2477 29645
2478 16619
2479 26224
2480 15604
2481 23332
2482 30349
2483 28888
2484 20758
2485 25838
2486 26082
2487 24316
2488 11129
2489 23445
2490 5055
2491 13876
2492 16549
2493 5071
2494 11022
2495 14991
2496 13823
2497 2245
2498 14438
2499 3096
2500 6645
2501 885
2502 17375
2503 10583
2504 27772
2505 20820
2506 15652
2507 31514
2508 3004
2509 20024
2510 28105
2511 19829
2512 22793
2513 17782
2514 26079
2515 23047
2516 10774
2517 28231
2518 5830
2519 18303
2520 23141
2521 1905
2522 4163
2523 16991
2524 4354
2525 22051
2526 5074
2527 4864
2528 3697
2529 3104
2530 29246
2531 21718
2532 5861
2533 22815
2534 26478
2535 13046
2536 19635
2537 11122
2538 26754
2539 19925
2540 3845
2541 25575
2542 6175
2543 11859
2544 12499
2545 236
2546 21766
2547 27128
2548 7183
2549 1270
2550 5868
2551 23677
2552 13600
2553 7203
2554 3462
2555 6798
2556 4754
2557 17694
2558 13795
2559 462
2560 23820
2561 323
2562 23038
2563 2588
2564 27522
2565 20483
2566 11924
2567 15381
2568 28587
2569 31114
2570 819
2571 28889
2572 18102
2573 27808
2574 14484
2575 16146
2576 16953
2577 13261
2578 28970
2579 14643
2580 32106
2581 17857
2582 12283
2583 24830
2584 4753
2585 13554
2586 22959
2587 29769
2588 17597
2589 647
2590 19430
2591 30465
2592 29110
2593 6261
2594 32463
2595 7791
2596 24628
2597 12008
2598 25847
2599 442
2600 15950
2601 8420
2602 32094
2603 13230
2604 25653
2605 29740
2606 19408
2607 10683
2608 12066
2609 6243
2610 11122
2611 5185
2612 2189
2613 8561
2614 12188
2615 3083
2616 28064
2617 296
2618 1766
2619 14617
2620 2795
2621 1064
2622 5254
2623 22178
2624 16473
2625 5631
2626 13273
2627 14425
2628 8547
2629 4245
2630 23103
2631 13552
2632 17795
2633 6856
2634 2860
2635 6618
2636 31980
2637 23123
2638 21116
2639 3158
2640 15736
2641 31988
2642 14599
2643 31657
2644 23522
2645 23758
2646 26486
2647 2218
2648 25909
2649 17420
2650 27477
2651 1668
2652 11396
2653 5063
2654 21097
2655 30904
2656 24796
2657 21033
2658 4163
2659 12897
2660 16247
2661 25555
2662 25109
2663 31420
2664 13874
2665 29821
2666 9413
2667 23271
2668 2625
2669 21212
2670 20800
2671 30953
2672 22306
2673 17353
2674 4881
2675 9203
2676 31183
2677 4255
2678 11570
2679 30182
2680 15416
2681 21733
2682 8481
2683 11796
2684 21744
2685 20269
2686 19511
2687 10571
2688 3879
2689 14651
2690 28470
2691 6928
2692 11992
2693 27498
2694 21537
2695 27688
2696 25923
2697 20300
2698 1616
2699 25181
2700 27038
2701 26001
2702 20675
2703 30078
2704 2568
2705 25386
2706 30391
2707 30120
2708 18622
2709 10670
2710 23159
2711 26308
2712 22929
2713 7932
2714 1653
2715 13649
2716 5016
2717 10274
2718 19609
2719 10340
2720 11042
2721 19325
2722 28633
2723 13548
2724 18414
2725 15906
2726 3082
2727 5691
2728 19359
2729 24701
2730 12277
2731 20418
2732 23658
2733 28216
2734 23982
2735 31772
2736 2066
2737 25950
2738 25889
2739 3407
2740 4886
2741 26817
2742 19694
2743 25166
2744 18473
2745 8601
2746 15735
2747 21954
2748 23522
2749 25709
2750 8758
2751 10761
2752 14517
2753 7479
2754 30037
2755 30335
2756 18210
2757 18115
2758 27000
2759 31229
2760 1580
2761 29016
2762 26078
2763 30368
2764 2061
2765 7322
2766 2216
2767 31436
2768 10024
2769 26799
2770 9080
2771 15216
2772 1855
2773 25249
2774 26174
2775 25483
2776 14054
2777 28675
2778 11343
2779 31983
2780 1335
2781 7640
2782 8120
2783 22085
2784 24520
2785 22192
2786 9937
2787 2641
2788 19674
2789 17428
2790 20501
2791 3191
2792 21971
2793 24356
2794 12336
2795 24190
2796 30191
2797 29823
2798 26202
2799 21397
2800 24882
2801 8035
2802 15076
2803 1171
2804 14241
2805 22
2806 3088
2807 22915
2808 30897
2809 12676
2810 32038
2811 19552
2812 19200
2813 16937
2814 7108
2815 18717
2816 27715
2817 13361
2818 28534
2819 20200
2820 23935
2821 18654
2822 10118
2823 14000
2824 8061
2825 6955
2826 23318
2827 17125
2828 4984
2829 19887
2830 3947
2831 23679
2832 21528
2833 20419
2834 30860
2835 8513
2836 6820
2837 32231
2838 10252
2839 10047
2840 1139
2841 8546
2842 7716
2843 6558
2844 19619
2845 4905
2846 28933
2847 4763
2848 19982
2849 1538
2850 32363
2851 22222
2852 24954
2853 15337
2854 23414
2855 21936
2856 27664
2857 10931
2858 30390
2859 4956
2860 12816
2861 21489
2862 8324
2863 24466
2864 16834
2865 21527
2866 28057
2867 32257
2868 2736
2869 27870
2870 10201
2871 9158
2872 29970
2873 3814
2874 16752
2875 28208
2876 3466
2877 9888
2878 32288
2879 14022
2880 6417
2881 12395
2882 18137
2883 26763
2884 9521
2885 22525
2886 23435
2887 14976
2888 26742
2889 9989
2890 22328
2891 29547
2892 1823
2893 1806
2894 14925
2895 6871
2896 4120
2897 6823
2898 28466
2899 15196
2900 17965
2901 12737
2902 32032
2903 6688
2904 2424
2905 23896
2906 23859
2907 1950
2908 29979
2909 26198
2910 9664
2911 11686
2912 1333
2913 11188
2914 32744
2915 32421
2916 22798
2917 11234
2918 7021
2919 10791
2920 26005
2921 15721
2922 5317
2923 15002
2924 11277
2925 15055
2926 365
2927 16469
2928 18691
2929 9658
2930 5760
2931 11737
2932 28547
2933 1369
2934 7560
2935 18774
2936 9355
2937 1024
2938 11156
2939 22385
2940 20160
2941 4114
2942 20107
2943 25412
2944 28256
2945 1060
2946 9407
2947 18342
2948 4472
2949 6751
2950 4805
2951 23981
2952 22615
2953 12070
2954 2949
2955 29810
2956 7746
2957 5881
2958 7821
2959 30228
2960 6761
2961 2970
2962 16555
2963 24064
2964 3354
2965 29806
2966 698
2967 25711
2968 19765
2969 3621
2970 10940
2971 816
2972 18912
2973 13726
2974 25385
2975 14247
2976 21627
2977 23044
2978 29831
2979 9750
2980 18135
2981 23102
2982 15675
2983 539
2984 22946
2985 20870
2986 23455
2987 24698
2988 16166
2989 5975
2990 15956
2991 22045
2992 22068
2993 30349
2994 3802
2995 2137
2996 2394
2997 24520
2998 10845
2999 4723
3000 11868
3001 6929
3002 7378
3003 25699
3004 31202
3005 15552
3006 21059
3007 32471
3008 23407
3009 24988
3010 29287
3011 12411
3012 21906
3013 30277
3014 6774
3015 14456
3016 9824
3017 3535
3018 26939
3019 29242
3020 21537
3021 2992
3022 4459
3023 28279
3024 29258
3025 9436
3026 26165
3027 7533
3028 12972
3029 31790
3030 5658
3031 28267
3032 5866
3033 24074
3034 2047
3035 2194
3036 22064
3037 24385
3038 3713
3039 221
3040 19234
3041 25396
3042 25992
3043 12639
3044 32275
3045 19773
3046 11807
3047 5580
3048 8056
3049 24906
3050 23683
3051 20795
3052 1692
3053 6091
3054 19577
3055 16682
3056 2197
3057 26831
3058 28645
3059 16835
3060 15222
3061 21097
3062 19353
3063 1886
3064 31174
3065 7769
3066 13931
3067 12614
3068 14897
3069 10984
3070 3722
3071 31168
3072 3966
3073 15124
3074 22802
3075 10057
3076 25793
3077 4589
3078 32733
3079 8992
3080 18898
3081 23871
3082 8605
3083 22788
3084 25597
3085 13169
3086 10279
3087 17471
3088 22267
3089 10413
3090 6418
3091 19939
3092 14881
3093 16194
3094 21633
3095 24660
3096 28120
3097 14150
3098 13885
3099 21510
3100 25933
3101 383
3102 19719
3103 6536
3104 14442
3105 22916
3106 7212
3107 17602
3108 4612
3109 19231
3110 7001
3111 23931
3112 20054
3113 9974
3114 26801
3115 6430
3116 23982
3117 10858
3118 24861
3119 25021
3120 16230
3121 24256
3122 4835
3123 20054
3124 10518
3125 29566
3126 15995
3127 28757
3128 11784
3129 6168
3130 22942
3131 6747
3132 31468
3133 6348
3134 18591
3135 1086
3136 31181
3137 17099
3138 16894
3139 28753
3140 29252
3141 21401
3142 4155
3143 13797
3144 31212
3145 30646
3146 9704
3147 21775
3148 18709
3149 7294
3150 14338
3151 30636
3152 18365
3153 6478
3154 21121
3155 931
3156 26300
3157 29672
3158 6958
3159 8810
3160 6462
3161 17433
3162 14005
3163 25036
3164 630
3165 31385
3166 1019
3167 20969
3168 11153
3169 3890
3170 8625
3171 17534
3172 21993
3173 23076
3174 29226
3175 4454
3176 15740
3177 7369
3178 4457
3179 1121
3180 24476
3181 32117
3182 29055
3183 22549
3184 6632
3185 31392
3186 4372
3187 25170
3188 13690
3189 6471
3190 67
3191 21914
3192 12898
3193 21135
3194 10155
3195 15329
3196 26451
3197 1196
3198 1474
3199 3729
3200 18845
3201 27393
3202 22125
3203 4049
3204 29019
3205 24968
3206 22734
3207 18695
3208 11758
3209 30581
3210 10077
3211 21147
3212 16042
3213 5398
3214 22075
3215 18687
3216 974
3217 14590
3218 19395
3219 4844
3220 15290
3221 4194
3222 1889
3223 23790
3224 8284
3225 28355
3226 19111
3227 28194
3228 30956
3229 26829
3230 22685
3231 14910
3232 29657
3233 5760
3234 16217
3235 21715
3236 23811
3237 16525
3238 24528
3239 10703
3240 1066
3241 32003
3242 10220
3243 8006
3244 26534
3245 32554
3246 13023
3247 1138
3248 30553
3249 7855
3250 17334
3251 29176
3252 995
3253 23042
3254 20017
3255 32620
3256 11796
3257 22525
3258 466
3259 29208
3260 27303
3261 11462
3262 2868
3263 18681
3264 28205
3265 26102
3266 32670
3267 18955
3268 5447
3269 8699
3270 9944
3271 29895
3272 7448
3273 14011
3274 5949
3275 32233
3276 16378
3277 11129
3278 22546
3279 14454
3280 2672
3281 2557
3282 32278
3283 4094
3284 31837
3285 19183
3286 30298
3287 30750
3288 19059
3289 24965
3290 29523
3291 30026
3292 21485
3293 10846
3294 12334
3295 8905
3296 8321
3297 16813
3298 32355
3299 23041
3300 31376
3301 1177
3302 20877
3303 24309
3304 31137
3305 16868
3306 15737
3307 13836
3308 4365
3309 24011
3310 6781
3311 1812
3312 30459
3313 27950
3314 17419
3315 12678
3316 30607
3317 3057
3318 9605
3319 30220
3320 2143
3321 29346
3322 2387
3323 22848
3324 12327
3325 3932
3326 24116
3327 9143
3328 5821
3329 9707
3330 26321
3331 9022
3332 20807
3333 15152
3334 1944
3335 4451
3336 16043
3337 20423
3338 9927
3339 17208
3340 2119
3341 11752
3342 21191
3343 1619
3344 6883
3345 20107
3346 8892
3347 20249
3348 11235
3349 6608
3350 1370
3351 7229
3352 7873
3353 1693
3354 29178
3355 13187
3356 24251
3357 23945
3358 12269
3359 7114
3360 201
3361 8953
3362 10256
3363 30793
3364 16850
3365 27784
3366 29856
3367 10521
3368 13599
3369 9645
3370 9040
3371 21747
3372 14096
3373 1944
3374 23961
3375 16444
3376 30734
3377 18524
3378 27474
3379 5438
3380 13248
3381 17747
3382 17280
3383 441
3384 26754
3385 11454
3386 8047
3387 19866
3388 8979
3389 27309
3390 17410
3391 20234
3392 12941
3393 23839
3394 30023
3395 24490
3396 22683
3397 4969
3398 18510
3399 14109
3400 18918
3401 7388
3402 18236
3403 20168
3404 4816
3405 10914
3406 7067
3407 13013
3408 13413
3409 2281
3410 13044
3411 25726
3412 3470
3413 13124
3414 4512
3415 12680
3416 25736
3417 2125
3418 18395
3419 9485
3420 9365
3421 24720
3422 15642
3423 30079
3424 9202
3425 3236
3426 17823
3427 5098
3428 1544
3429 32411
3430 13898
3431 16505
3432 3558
3433 8861
3434 27314
3435 18492
3436 29935
3437 10959
3438 29044
3439 20520
3440 6608
3441 21113
3442 21195
3443 20832
3444 7094
3445 23657
3446 9569
3447 10931
3448 13757
3449 20626
3450 25957
3451 27493
3452 28331
3453 15609
3454 16862
3455 15154
3456 28894
3457 32210
3458 21567
3459 912
3460 7811
3461 20709
3462 30267
3463 15925
3464 13833
3465 14391
3466 10714
3467 3289
3468 6869
3469 28647
3470 18381
3471 32317
3472 5688
3473 31574
3474 26623
3475 9324
3476 9374
3477 3466
3478 14444
3479 24640
3480 8968
3481 20693
3482 13878
3483 1577
3484 28860
3485 20913
3486 31989
3487 16426
3488 22842
3489 4335
3490 8271
3491 20772
3492 23155
3493 273
3494 17354
3495 7511
3496 6966
3497 29428
3498 25821
3499 7206
3500 9707
3501 13746
3502 2893
3503 5914
3504 15235
3505 28102
3506 21431
3507 23082
3508 21167
3509 26481
3510 2152
3511 14650
3512 5968
3513 26717
3514 15477
3515 3809
3516 32303
3517 17537
3518 7433
3519 6255
3520 16623
3521 14916
3522 27897
3523 21295
3524 22080
3525 23013
3526 24222
3527 16105
3528 14933
3529 31770
3530 16355
3531 10667
3532 7063
3533 3063
3534 11421
3535 26825
3536 16283
3537 10258
3538 15131
3539 8995
3540 13393
3541 24293
3542 22270
3543 4262
3544 8575
3545 2675
3546 15947
3547 21270
3548 20078
3549 3887
3550 21695
3551 19466
3552 12260
3553 537
3554 16739
3555 5176
3556 4689
3557 31274
3558 2656
3559 30706
3560 13389
3561 4338
3562 8979
3563 7409
3564 25922
3565 22144
3566 8292
3567 13650
3568 31846
3569 15490
3570 1876
3571 25566
3572 15341
3573 15533
3574 27094
3575 13710
3576 29820
3577 15967
3578 17888
3579 21582
3580 31968
3581 32643
3582 23233
3583 22274
3584 20992
3585 1206
3586 26805
3587 21191
3588 29456
3589 21671
3590 3767
3591 4475
3592 19976
3593 708
3594 14998
3595 4479
3596 20565
3597 19731
3598 24395
3599 12987
3600 28622
3601 20829
3602 25994
3603 13539
3604 16361
3605 7570
3606 2711
3607 27385
3608 26415
3609 8041
3610 8539
3611 18452
3612 2285
3613 14151
3614 27063
3615 10591
3616 30509
3617 29282
3618 29208
3619 356
3620 16612
3621 12326
3622 14156
3623 18571
3624 28781
3625 14040
3626 30356
3627 22237
3628 3638
3629 31609
3630 26106
3631 2830
3632 15290
3633 8429
3634 18148
3635 25275
3636 31407
3637 29276
3638 1770
3639 26608
3640 29824
3641 23769
3642 25317
3643 6125
3644 22013
3645 11329
3646 16456
3647 10026
3648 4946
3649 3942
3650 12468
3651 18072
3652 10293
3653 10093
3654 21446
3655 20010
3656 10340
3657 9845
3658 2868
3659 28820
3660 13391
3661 16762
3662 13592
3663 23635
3664 9745
3665 31096
3666 24715
3667 28141
3668 2725
3669 32723
3670 12406
3671 22394
3672 15191
3673 14838
3674 24741
3675 24931
3676 11128
3677 10298
3678 8477
3679 10346
3680 15958
3681 13322
3682 15280
3683 31978
3684 14700
3685 10566
3686 14286
3687 18272
3688 9941
3689 24292
3690 28830
3691 5675
3692 15367
3693 21213
3694 20813
3695 14480
3696 6333
3697 15687
3698 11175
3699 2817
3700 29237
3701 24254
3702 23780
3703 22687
3704 32412
3705 3593
3706 13508
3707 30205
3708 13511
3709 18683
3710 21214
3711 31015
3712 13347
3713 19606
3714 28212
3715 13027
3716 26863
3717 30839
3718 15116
3719 19766
3720 16552
3721 366
3722 25339
3723 13098
3724 709
3725 14188
3726 17219
3727 9679
3728 8613
3729 25250
3730 25951
3731 8832
3732 6086
3733 31719
3734 26075
3735 32359
3736 9527
3737 17498
3738 15721
3739 23364
3740 336
3741 73
3742 8242
3743 22889
3744 21664
3745 22866
3746 26474
3747 11017
3748 3879
3749 11208
3750 14631
3751 27827
3752 28357
3753 17241
3754 25203
3755 26394
3756 18931
3757 19181
3758 6047
3759 7703
3760 29361
3761 29648
3762 3803
3763 20721
3764 17855
3765 6164
3766 10500
3767 20443
3768 14864
3769 23601
3770 7357
3771 19134
3772 1148
3773 5103
3774 22465
3775 32057
3776 9141
3777 28294
3778 2680
3779 23527
3780 26748
3781 11779
3782 4552
3783 9952
3784 19989
3785 28141
3786 13101
3787 1410
3788 14072
3789 15657
3790 24332
3791 3953
3792 25033
3793 3867
3794 27972
3795 26332
3796 10890
3797 18446
3798 2055
3799 18434
3800 27664
3801 26838
3802 14568
3803 12789
3804 5555
3805 7603
3806 19508
3807 3230
3808 18762
3809 13433
3810 32390
3811 28674
3812 5463
3813 15854
3814 10390
3815 28867
3816 8062
3817 24180
3818 23890
3819 5610
3820 21308
3821 4584
3822 11824
3823 23523
3824 26837
3825 26313
3826 2498
3827 26825
3828 22670
3829 29853
3830 26763
3831 21989
3832 3613
3833 4496
3834 15377
3835 12913
3836 28766
3837 2911
3838 21555
3839 9121
3840 4423
3841 26484
3842 11965
3843 17892
3844 6686
3845 28243
3846 25914
3847 13159
3848 18409
3849 1588
3850 11529
3851 21466
3852 3111
3853 8433
3854 7603
3855 22904
3856 9661
3857 16675
3858 12668
3859 3905
3860 17971
3861 23176
3862 13368
3863 23690
3864 5920
3865 4521
3866 5216
3867 8632
3868 13283
3869 7865
3870 19045
3871 21065
3872 27540
3873 22463
3874 19012
3875 28692
3876 24379
3877 9720
3878 13147
3879 19409
3880 20543
3881 27254
3882 12923
3883 11995
3884 13089
3885 5646
3886 19006
3887 21045
3888 23145
3889 30833
3890 30107
3891 18123
3892 19937
3893 2713
3894 22711
3895 13051
3896 8706
3897 14439
3898 29694
3899 2388
3900 25516
3901 28042
3902 3443
3903 7326
3904 27674
3905 27042
3906 17476
3907 13594
3908 12564
3909 8101
3910 674
3911 2827
3912 25958
3913 9346
3914 16847
3915 19060
3916 32146
3917 28933
3918 21625
3919 1060
3920 27842
3921 31483
3922 11078
3923 12272
3924 11776
3925 27030
3926 18352
3927 9280
3928 28073
3929 26899
3930 20755
3931 9933
3932 26399
3933 24985
3934 4
3935 31400
3936 19135
3937 5477
3938 21477
3939 3967
3940 16403
3941 27172
3942 18102
3943 13852
3944 22600
3945 24992
3946 29486
3947 32302
3948 1250
3949 1439
3950 24843
3951 8524
3952 26286
3953 19208
3954 27558
3955 7991
3956 2296
3957 12360
3958 30410
3959 28511
3960 23807
3961 6900
3962 26054
3963 27561
3964 2470
3965 14512
3966 2241
3967 22640
3968 25452
3969 26447
3970 29774
3971 11722
3972 8350
3973 26684
3974 30529
3975 1548
3976 7628
3977 25368
3978 8896
3979 21904
3980 18041
3981 31652
3982 6301
3983 20405
3984 30230
3985 32482
3986 5091
3987 7464
3988 25906
3989 27511
3990 24494
3991 18274
3992 30443
3993 22868
3994 12352
3995 32114
3996 31400
3997 1173
3998 4690
3999 5629
4000 13834
4001 32681
4002 25768
4003 29315
4004 19231
4005 20660
4006 4072
4007 10211
4008 20185
4009 32305
4010 28844
4011 4130
4012 9151
4013 20188
4014 10198
4015 10600
4016 27875
4017 16591
4018 17700
4019 26187
4020 11540
4021 31723
4022 4
4023 21328
4024 26196
4025 17273
4026 29353
4027 13743
4028 19853
4029 11025
4030 2910
4031 1879
4032 26239
4033 4795
4034 10266
4035 29746
4036 7165
4037 11861
4038 4181
4039 15530
4040 10329
4041 7221
4042 16667
4043 8556
4044 25117
4045 20239
4046 16223
4047 15468
4048 16635
4049 20248
4050 25745
4051 27433
4052 12039
4053 5739
4054 22899
4055 11826
4056 31268
4057 3244
4058 13096
4059 8681
4060 31164
4061 26092
4062 26253
4063 29831
4064 15541
4065 26829
4066 1485
4067 32096
4068 21408
4069 24551
4070 31792
4071 22889
4072 2867
4073 14954
4074 15412
4075 12535
4076 11001
4077 8196
4078 5087
4079 2761
4080 3144
4081 31749
4082 6995
4083 20553
4084 7540
4085 17345
4086 29091
4087 26383
4088 9538
4089 31797
4090 15333
4091 935
4092 23199
4093 17134
4094 6793
4095 6548
4096 9362
4097 24103
4098 2281
4099 3220
4100 5744
4101 6194
4102 23328
4103 1830
4104 31823
4105 27161
4106 20000
4107 6730
4108 3004
4109 14724
4110 24063
4111 2696
4112 3249
4113 11741
4114 22162
4115 28211
4116 3777
4117 24755
4118 21053
4119 239
4120 32406
4121 27996
4122 6921
4123 20593
4124 12189
4125 9183
4126 8695
4127 9862
4128 11776
4129 25361
4130 149
4131 21591
4132 27861
4133 24061
4134 14542
4135 17131
4136 9365
4137 20617
4138 9990
4139 27885
4140 30159
4141 26455
4142 23143
4143 9648
4144 9245
4145 24298
4146 18293
4147 20848
4148 32088
4149 7690
4150 2281
4151 29403
4152 16648
4153 20329
4154 8892
4155 12751
4156 7198
4157 16006
4158 31618
4159 16230
4160 3302
4161 31698
4162 32761
4163 15152
4164 17207
4165 3090
4166 9442
4167 32191
4168 20717
4169 9988
4170 15119
4171 27753
4172 16024
4173 18757
4174 18878
4175 14921
4176 22646
4177 7538
4178 25381
4179 14983
4180 18335
4181 141
4182 10062
4183 10201
4184 19328
4185 9635
4186 26917
4187 1354
4188 10122
4189 7340
4190 10704
4191 31803
4192 6443
4193 16563
4194 24126
4195 23463
4196 27134
4197 20791
4198 13059
4199 7339
4200 29247
4201 15056
4202 16995
4203 4165
4204 8065
4205 21270
4206 28844
4207 6748
4208 21411
4209 3006
4210 25290
4211 7680
4212 12288
4213 24838
4214 17173
4215 32500
4216 8422
4217 1876
4218 18541
4219 23657
4220 15690
4221 7193
4222 13193
4223 26893
4224 20153
4225 24060
4226 13964
4227 1092
4228 5522
4229 12341
4230 31449
4231 30901
4232 7539
4233 27958
4234 14633
4235 1033
4236 13809
4237 19601
4238 6107
4239 3055
4240 25484
4241 24598
4242 17291
4243 9316
4244 23777
4245 27707
4246 30181
4247 19249
4248 26658
4249 8130
4250 24251
4251 31925
4252 11460
4253 28309
4254 9046
4255 1508
4256 19831
4257 5109
4258 26634
4259 14224
4260 24155
4261 32723
4262 6157
4263 24296
4264 2929
4265 13182
4266 24458
4267 10046
4268 848
4269 20863
4270 3056
4271 18701
4272 31257
4273 25793
4274 18064
4275 10810
4276 22700
4277 8950
4278 23911
4279 21402
4280 27676
4281 11829
4282 3640
4283 24501
4284 10593
4285 6632
4286 2015
4287 18121
4288 22861
4289 14053
4290 5601
4291 11282
4292 16578
4293 27355
4294 10823
4295 4169
4296 6433
4297 5872
4298 14765
4299 3435
4300 27909
4301 20904
4302 7574
4303 32699
4304 11570
4305 30729
4306 28930
4307 16394
4308 4552
4309 23037
4310 6979
4311 21302
4312 7101
4313 1527
4314 32012
4315 13041
4316 19081
4317 30681
4318 29643
4319 5059
4320 23075
4321 12054
4322 10040
4323 19538
4324 7469
4325 28691
4326 21806
4327 16866
4328 18283
4329 13524
4330 4027
4331 32280
4332 15482
4333 4308
4334 8563
4335 20995
4336 14015
4337 3124
4338 3081
4339 10845
4340 23197
4341 14872
4342 21792
4343 30989
4344 2539
4345 3663
4346 5470
4347 22513
4348 2981
4349 13874
4350 32194
4351 18651
4352 23521
4353 30926
4354 18232
4355 14041
4356 14341
4357 25157
4358 16491
4359 7354
4360 15160
4361 15985
4362 28123
4363 29901
4364 7958
4365 9931
4366 28719
4367 21996
4368 29864
4369 10123
4370 9420
4371 25017
4372 27027
4373 16401
4374 13478
4375 26664
4376 28047
4377 17028
4378 1366
4379 25662
4380 19483
4381 22201
4382 16494
4383 13848
4384 3696
4385 9302
4386 25865
4387 15918
4388 14771
4389 26679
4390 6054
4391 15833
4392 15726
4393 30992
4394 9270
4395 8467
4396 9793
4397 32596
4398 26227
4399 5502
4400 26837
4401 25686
4402 3188
4403 4777
4404 22802
4405 15535
4406 26494
4407 14222
4408 8594
4409 12767
4410 16158
4411 8543
4412 20309
4413 12087
4414 23156
4415 8066
4416 17846
4417 22006
4418 13266
4419 26842
4420 11933
4421 31922
4422 2694
4423 13896
4424 15095
4425 15865
4426 18163
4427 26225
4428 18275
4429 23097
4430 25831
4431 3778
4432 14638
4433 28893
4434 22568
4435 7602
4436 10114
4437 21689
4438 8016
4439 29255
4440 9434
4441 32680
4442 30939
4443 3292
4444 15545
4445 26995
4446 28287
4447 15649
4448 31132
4449 17909
4450 10940
4451 29027
4452 1837
4453 28285
4454 19635
4455 2830
4456 17593
4457 31348
4458 11835
4459 23664
4460 23524
4461 19264
4462 20530
4463 13247
4464 12188
4465 3943
4466 24849
4467 5982
4468 14155
4469 248
4470 4547
4471 5980
4472 6737
4473 25383
4474 11448
4475 22590
4476 8113
4477 823
4478 9013
4479 15102
4480 17930
4481 16541
4482 1262
4483 18003
4484 6090
4485 24674
4486 5590
4487 13619
4488 3998
4489 12233
4490 30262
4491 20118
4492 8493
4493 14898
4494 4348
4495 27262
4496 14853
4497 5694
4498 17494
4499 18484
4500 20181
4501 3636
4502 30848
4503 6612
4504 18654
4505 10147
4506 6363
4507 26891
4508 26532
4509 20041
4510 9022
4511 14624
4512 27369
4513 9780
4514 16784
4515 2609
4516 6363
4517 18727
4518 8599
4519 8640
4520 29837
4521 29503
4522 32523
4523 15470
4524 14500
4525 25302
4526 5103
4527 3333
4528 27219
4529 28584
4530 25377
4531 11452
4532 6281
4533 7476
4534 4399
4535 24759
4536 7016
4537 11366
4538 16236
4539 22734
4540 26618
4541 28786
4542 7491
4543 19343
4544 19487
4545 27395
4546 9164
4547 4998
4548 9930
4549 29589
4550 12189
4551 12732
4552 28781
4553 28191
4554 27875
4555 22909
4556 10162
4557 21750
4558 18865
4559 26974
4560 30316
4561 6638
4562 25239
4563 30079
4564 8909
4565 8898
4566 7543
4567 18190
4568 8409
4569 25782
4570 26260
4571 29964
4572 22554
4573 25466
4574 17388
4575 31316
4576 29078
4577 5970
4578 13000
4579 27865
4580 16894
4581 32372
4582 913
4583 14895
4584 9256
4585 23985
4586 10213
4587 3405
4588 22463
4589 29784
4590 9962
4591 16785
4592 14394
4593 10072
4594 11234
4595 1796
4596 24586
4597 26532
4598 25344
4599 7136
4600 3096
4601 22492
4602 6266
4603 16207
4604 21358
4605 29993
4606 19936
4607 16758
4608 1844
4609 18281
4610 14764
4611 21682
4612 20191
4613 23692
4614 25882
4615 1057
4616 21669
4617 4925
4618 23610
4619 29541
4620 5684
4621 30917
4622 9283
4623 19364
4624 11683
4625 15917
4626 27690
4627 31187
4628 9897
4629 2211
4630 11123
4631 8757
4632 13325
4633 8480
4634 9032
4635 27934
4636 22877
4637 18247
4638 30152
4639 4349
4640 23779
4641 11151
4642 18337
4643 15769
4644 5589
4645 21668
4646 8161
4647 19611
4648 27340
4649 29707
4650 31241
4651 23373
4652 5239
4653 28165
4654 15971
4655 12705
4656 30865
4657 6327
4658 5270
4659 6773
4660 12560
4661 30343
4662 17528
4663 4373
4664 5024
4665 28617
4666 6435
4667 26626
4668 19791
4669 20379
4670 31307
4671 19698
4672 26250
4673 2061
4674 12239
4675 19991
4676 17224
4677 390
4678 909
4679 17572
4680 29573
4681 31075
4682 13691
4683 18574
4684 26610
4685 13280
4686 30196
4687 4495
4688 24299
4689 1340
4690 23119
4691 26993
4692 7593
4693 30232
4694 32694
4695 5001
4696 18873
4697 1825
4698 20533
4699 19842
4700 30380
4701 22510
4702 7698
4703 19804
4704 15377
4705 13611
4706 2397
4707 24755
4708 26528
4709 20984
4710 25543
4711 4421
4712 8120
4713 12428
4714 1720
4715 29359
4716 2572
4717 32286
4718 20379
4719 32119
4720 19097
4721 26117
4722 13949
4723 6991
4724 28379
4725 8222
4726 13014
4727 18584
4728 6464
4729 15982
4730 25254
4731 28454
4732 221
4733 32264
4734 10180
4735 24131
4736 6495
4737 7985
4738 12147
4739 1014
4740 30533
4741 2243
4742 6199
4743 19333
4744 17485
4745 15055
4746 10727
4747 17720
4748 22572
4749 21638
4750 21506
4751 31584
4752 18818
4753 12634
4754 26182
4755 6296
4756 2829
4757 24928
4758 14207
4759 17227
4760 26909
4761 249
4762 11934
4763 21110
4764 31560
4765 13233
4766 25098
4767 16303
4768 24158
4769 18023
4770 16699
4771 31335
4772 19104
4773 15535
4774 31876
4775 108
4776 23084
4777 19828
4778 7984
4779 24497
4780 5052
4781 4834
4782 4049
4783 1362
4784 3472
4785 29058
4786 27349
4787 32211
4788 15529
4789 31399
4790 27482
4791 2729
4792 17464
4793 19978
4794 22084
4795 12539
4796 22870
4797 16049
4798 7052
4799 9641
4800 3829
4801 16149
4802 8666
4803 14990
4804 7703
4805 22659
4806 28759
4807 12546
4808 32318
4809 12739
4810 10940
4811 5539
4812 25123
4813 26872
4814 5040
4815 2390
4816 27818
4817 17607
4818 2384
4819 7048
4820 12822
4821 187
4822 12303
4823 6586
4824 22905
4825 14568
4826 16320
4827 30780
4828 29295
4829 14543
4830 9969
4831 14392
4832 21260
4833 12674
4834 30843
4835 28403
4836 4627
4837 6921
4838 22359
4839 21072
4840 29033
4841 17667
4842 21683
4843 28310
4844 19657
4845 23184
4846 29765
4847 26994
4848 24760
4849 23919
4850 19168
4851 30272
4852 32188
4853 23652
4854 27461
4855 24454
4856 31689
4857 26845
4858 5435
4859 18881
4860 508
4861 4052
4862 23266
4863 4965
4864 30348
4865 23031
4866 12356
4867 30239
4868 11005
4869 5895
4870 6445
4871 19805
4872 6294
4873 30846
4874 26941
4875 9744
4876 16662
4877 16244
4878 19003
4879 31664
4880 1955
4881 451
4882 31916
4883 18049
4884 5635
4885 19050
4886 1700
4887 16150
4888 8718
4889 6447
4890 17629
4891 31507
4892 10083
4893 1417
4894 4614
4895 18231
4896 26971
4897 2236
4898 30813
4899 25241
4900 20795
4901 13126
4902 8576
4903 32561
4904 31918
4905 20858
4906 30848
4907 11163
4908 4210
4909 17259
4910 12856
4911 2584
4912 9041
4913 3083
4914 12253
4915 30934
4916 21843
4917 23444
4918 28630
4919 3953
4920 26418
4921 6439
4922 205
4923 5561
4924 26126
4925 12211
4926 11014
4927 22454
4928 16226
4929 8729
4930 17391
4931 31465
4932 20791
4933 10894
4934 24569
4935 14549
4936 19095
4937 26944
4938 22183
4939 8894
4940 28741
4941 26172
4942 19684
4943 21169
4944 6571
4945 27279
4946 14746
4947 11716
4948 31252
4949 29867
4950 6272
4951 7071
4952 2587
4953 19469
4954 16180
4955 22331
4956 9571
4957 30749
4958 2185
4959 15594
4960 12425
4961 7766
4962 18978
4963 14744
4964 23383
4965 2982
4966 18496
4967 16208
4968 21307
4969 27928
4970 7128
4971 25346
4972 31223
4973 31664
4974 16105
4975 1923
4976 29849
4977 8086
4978 13068
4979 14805
4980 9902
4981 20088
4982 30285
4983 8873
4984 28083
4985 10537
4986 14905
4987 12578
4988 12492
4989 7310
4990 4408
4991 25308
4992 6329
4993 2490
4994 1565
4995 19757
4996 1029
4997 14680
4998 20988
4999 19370
5000 2944
5001 7753
5002 9275
5003 30701
5004 10992
5005 11151
5006 12524
5007 20118
5008 25092
5009 16746
5010 31066
5011 9616
5012 24969
5013 30144
5014 738
5015 22422
5016 6368
5017 15298
5018 28677
5019 18677
5020 14256
5021 11981
5022 12219
5023 10643
5024 30680
5025 1166
5026 14089
5027 6192
5028 17320
5029 27242
5030 30933
5031 2796
5032 3152
5033 21021
5034 4090
5035 8457
5036 25752
5037 29089
5038 20376
5039 16883
5040 13266
5041 31313
5042 11693
5043 11645
5044 5389
5045 19278
5046 15338
5047 24942
5048 13964
5049 8994
5050 8895
5051 30780
5052 19831
5053 5283
5054 21177
5055 25879
5056 29135
5057 17178
5058 24589
5059 12585
5060 30375
5061 10661
5062 15477
5063 7709
5064 4754
5065 29146
5066 17210
5067 20958
5068 27736
5069 7597
5070 19346
5071 28577
5072 24557
5073 2196
5074 13613
5075 16933
5076 4003
5077 1001
5078 8971
5079 23353
5080 5534
5081 4751
5082 22672
5083 19584
5084 27016
5085 2008
5086 27866
5087 23921
5088 20103
5089 3494
5090 18514
5091 25249
5092 23916
5093 21969
5094 8321
5095 6725
5096 32558
5097 31433
5098 26150
5099 12786
5100 27542
5101 21373
5102 22917
5103 22952
5104 59
5105 15995
5106 14593
5107 2063
5108 945
5109 10328
5110 15853
5111 21504
5112 10494
5113 20818
5114 23456
5115 1863
5116 26445
5117 5684
5118 29895
5119 20136
5120 31207
5121 16506
5122 31488
5123 11040
5124 7262
5125 8630
5126 11428
5127 2156
5128 22283
5129 32306
5130 25827
5131 7376
5132 28603
5133 2775
5134 12823
5135 30225
5136 21158
5137 589
5138 9810
5139 22467
5140 1953
5141 5476
5142 5689
5143 20171
5144 1940
5145 15027
5146 14870
5147 7708
5148 1581
5149 8575
5150 25896
5151 26820
5152 982
5153 19422
5154 18238
5155 15660
5156 15333
5157 5147
5158 27780
5159 26011
5160 17171
5161 8541
5162 28572
5163 8701
5164 27184
5165 3972
5166 4592
5167 12003
5168 14613
5169 20052
5170 11847
5171 15818
5172 5593
5173 31701
5174 14743
5175 17056
5176 27720
5177 15865
5178 17946
5179 14980
5180 27024
5181 24448
5182 15524
5183 20430
5184 8254
5185 13337
5186 16436
5187 32591
5188 10345
5189 1994
5190 28617
5191 8922
5192 4141
5193 7569
5194 31351
5195 1282
5196 12380
5197 332
5198 14777
5199 25126
5200 14703
5201 12502
5202 17929
5203 31403
5204 3267
5205 24691
5206 14766
5207 6793
5208 13826
5209 24174
5210 5590
5211 14857
5212 6366
5213 23040
5214 32228
5215 7117
5216 9990
5217 4468
5218 15627
5219 3088
5220 12882
5221 11145
5222 18972
5223 9519
5224 12097
5225 16408
5226 15772
5227 15720
5228 31654
5229 21494
5230 28186
5231 25058
5232 32158
5233 19484
5234 9919
5235 750
5236 11973
5237 7173
5238 11303
5239 13709
5240 26538
5241 13144
5242 879
5243 11826
5244 32640
5245 28359
5246 12176
5247 22729
5248 5142
5249 4151
5250 22763
5251 12791
5252 3593
5253 545
5254 4901
5255 17828
5256 13624
5257 27192
5258 13620
5259 30391
5260 27000
5261 20300
5262 30650
5263 29728
5264 21385
5265 22126
5266 19858
5267 32540
5268 8777
5269 23381
5270 10921
5271 26292
5272 10280
5273 26624
5274 11536
5275 23687
5276 27868
5277 20381
5278 23631
5279 1738
5280 1878
5281 28842
5282 29435
5283 29581
5284 21492
5285 25178
5286 26251
5287 20800
5288 23288
5289 4410
5290 8551
5291 4213
5292 31545
5293 3860
5294 9026
5295 21224
5296 11544
5297 6675
5298 31658
5299 19388
5300 29110
5301 7977
5302 21213
5303 29959
5304 16996
5305 15278
5306 29919
5307 16017
5308 5211
5309 586
5310 4809
5311 6617
5312 17582
5313 1812
5314 11876
5315 1881
5316 124
5317 30459
5318 25590
5319 2315
5320 32106
5321 15974
5322 1628
5323 7724
5324 5712
5325 791
5326 16729
5327 11328
5328 8243
5329 30037
5330 13870
5331 31062
5332 2932
5333 15434
5334 18027
5335 7053
5336 9542
5337 426
5338 260
5339 471
5340 3429
5341 24725
5342 26023
5343 31229
5344 13318
5345 15295
5346 29261
5347 22500
5348 29705
5349 16078
5350 12048
5351 8718
5352 7542
5353 3843
5354 11324
5355 26467
5356 1063
5357 28445
5358 9896
5359 8754
5360 26306
5361 23162
5362 17991
5363 19571
5364 16875
5365 23424
5366 11002
5367 2383
5368 25527
5369 8507
5370 15272
5371 2018
5372 21347
5373 6215
5374 27537
5375 831
5376 24902
5377 2801
5378 27103
5379 948
5380 29444
5381 3225
5382 28542
5383 17744
5384 24581
5385 13403
5386 7982
5387 26531
5388 29221
5389 27374
5390 11223
5391 19141
5392 24237
5393 20427
5394 14620
5395 15770
5396 19331
5397 31122
5398 10802
5399 24915
5400 13469
5401 5546
5402 21235
5403 26168
5404 17851
5405 11048
5406 16174
5407 1445
5408 31830
5409 1267
5410 1090
5411 23891
5412 9683
5413 1829
5414 20715
5415 4057
5416 3581
5417 29620
5418 12123
5419 20083
5420 29106
5421 25169
5422 11661
5423 12289
5424 2524
5425 28560
5426 24534
5427 31059
5428 17060
5429 26442
5430 29117
5431 15011
5432 29410
5433 28224
5434 14604
5435 26211
5436 10199
5437 28416
5438 32551
5439 17722
5440 22814
5441 19981
5442 29853
5443 27465
5444 6368
5445 10554
5446 765
5447 4786
5448 5192
5449 9815
5450 28907
5451 32603
5452 30774
5453 5391
5454 3186
5455 20463
5456 3640
5457 26641
5458 20380
5459 24614
5460 9654
5461 18798
5462 13120
5463 8263
5464 7532
5465 20034
5466 9244
5467 1515
5468 8477
5469 3479
5470 20003
5471 31235
5472 28550
5473 7814
5474 12824
5475 26652
5476 15506
5477 16799
5478 14684
5479 21218
5480 972
5481 14732
5482 15365
5483 4579
5484 24345
5485 5872
5486 11567
5487 7318
5488 13735
5489 31637
5490 24983
5491 1692
5492 22305
5493 6343
5494 9318
5495 4421
5496 22309
5497 27899
5498 3658
5499 30294
5500 15607
5501 1205
5502 21195
5503 20490
5504 23415
5505 17064
5506 30685
5507 16982
5508 25936
5509 29470
5510 11185
5511 18801
5512 4467
5513 11930
5514 11473
5515 20884
5516 25540
5517 20412
5518 30828
5519 31743
5520 28178
5521 102
5522 13038
5523 13628
5524 7501
5525 8733
5526 32468
5527 167
5528 26355
5529 5554
5530 13759
5531 7470
5532 27340
5533 9761
5534 14279
5535 26454
5536 23767
5537 6841
5538 17681
5539 7294
5540 19332
5541 13437
5542 5540
5543 25448
5544 5667
5545 6859
5546 9080
5547 15861
5548 10141
5549 31547
5550 23248
5551 18480
5552 18786
5553 24778
5554 9418
5555 26766
5556 8866
5557 1592
5558 53
5559 21877
5560 14272
5561 10158
5562 7330
5563 5114
5564 32260
5565 6052
5566 11198
5567 21487
5568 22416
5569 6914
5570 23775
5571 19741
5572 2965
5573 20613
5574 14044
5575 462
5576 3782
5577 10085
5578 17442
5579 2703
5580 12301
5581 10549
5582 17668
5583 20275
5584 32125
5585 6922
5586 23635
5587 20763
5588 30089
5589 14815
5590 27183
5591 27317
5592 22643
5593 5688
5594 2332
5595 10307
5596 11783
5597 21254
5598 24921
5599 7646
5600 21384
5601 19403
5602 18029
5603 24250
5604 9707
5605 26110
5606 21250
5607 31147
5608 7235
5609 4529
5610 30454
5611 7912
5612 26237
5613 15729
5614 11184
5615 21264
5616 25677
5617 16750
5618 17072
5619 21354
5620 2152
5621 1500
5622 618
5623 3953
5624 31732
5625 26776
5626 1365
5627 23440
5628 5692
5629 9743
5630 3903
5631 16682
5632 31913
5633 18780
5634 19683
5635 4061
5636 32494
5637 26544
5638 12733
5639 5128
5640 898
5641 10999
5642 26653
5643 5770
5644 6227
5645 28600
5646 1915
5647 2509
5648 31673
5649 31293
5650 1290
5651 2052
5652 12712
5653 1781
5654 4751
5655 1712
5656 31019
5657 14870
5658 24436
5659 25449
5660 13837
5661 12934
5662 28696
5663 11739
5664 8921
5665 17404
5666 32618
5667 21263
5668 24326
5669 7267
5670 7862
5671 3564
5672 11627
5673 22655
5674 1983
5675 16637
5676 30457
5677 19410
5678 21773
5679 7540
5680 26024
5681 32705
5682 5256
5683 15215
5684 11186
5685 11763
5686 26694
5687 1915
5688 19200
5689 14842
5690 10658
5691 10582
5692 28897
5693 28213
5694 17038
5695 18426
5696 14850
5697 32756
5698 12586
5699 20182
5700 29339
5701 7902
5702 27029
5703 6239
5704 9958
5705 5008
5706 2562
5707 8647
5708 6101
5709 12679
5710 5391
5711 11276
5712 26628
5713 8256
5714 9811
5715 28213
5716 5357
5717 16285
5718 21814
5719 15577
5720 4187
5721 11147
5722 14854
5723 19168
5724 3617
5725 8930
5726 18759
5727 26509
5728 23051
5729 21901
5730 31050
5731 23997
5732 18965
5733 24042
5734 26113
5735 22633
5736 8411
5737 26995
5738 26385
5739 28786
5740 29777
5741 21663
5742 19497
5743 18334
5744 27828
5745 15875
5746 13202
5747 21725
5748 28608
5749 21693
5750 12040
5751 17874
5752 3108
5753 26130
5754 10953
5755 6542
5756 14643
5757 28246
5758 19179
5759 22687
5760 16092
5761 12556
5762 13042
5763 3657
5764 23004
5765 7247
5766 27554
5767 26387
5768 28722
5769 31601
5770 23314
5771 6278
5772 27091
5773 15585
5774 770
5775 30257
5776 416
5777 20306
5778 31086
5779 22512
5780 8853
5781 23065
5782 20324
5783 13678
5784 9539
5785 21719
5786 23058
5787 6889
5788 384
5789 16985
5790 4643
5791 23349
5792 18525
5793 4796
5794 32076
5795 8964
5796 31320
5797 28885
5798 22049
5799 20836
5800 3539
5801 32464
5802 26158
5803 14729
5804 14789
5805 17942
5806 17987
5807 12749
5808 22704
5809 24181
5810 30991
5811 5109
5812 30675
5813 4219
5814 5104
5815 4790
5816 26272
5817 30498
5818 27146
5819 2168
5820 23152
5821 25779
5822 28055
5823 9049
5824 31350
5825 3812
5826 15229
5827 4725
5828 26609
5829 17987
5830 1318
5831 6245
5832 5798
5833 15576
5834 19596
5835 9989
5836 2446
5837 8198
5838 9875
5839 26746
5840 18380
5841 2483
5842 30620
5843 22900
5844 7649
5845 3241
5846 24151
5847 22705
5848 32547
5849 24635
5850 16600
5851 20419
5852 7020
5853 28459
5854 12270
5855 22802
5856 32015
5857 19915
5858 5296
5859 1828
5860 17168
5861 23395
5862 23640
5863 12572
5864 19348
5865 4819
5866 5717
5867 26753
5868 25238
5869 20089
5870 14491
5871 31809
5872 18652
5873 853
5874 32318
5875 11510
5876 10025
5877 14187
5878 5183
5879 30311
5880 16821
5881 14185
5882 2214
5883 4690
5884 32730
5885 20362
5886 12240
5887 6249
5888 7184
5889 3002
5890 29707
5891 24474
5892 4123
5893 17147
5894 17248
5895 1171
5896 4483
5897 29191
5898 4016
5899 14726
5900 12869
5901 10551
5902 5379
5903 17193
5904 31176
5905 4515
5906 23068
5907 18178
5908 2578
5909 19851
5910 8017
5911 20193
5912 9532
5913 14326
5914 12185
5915 9646
5916 10019
5917 18328
5918 18407
5919 29028
5920 18273
5921 6393
5922 2230
5923 11870
5924 14204
5925 25556
5926 9701
5927 28626
5928 29020
5929 24509
5930 18630
5931 2459
5932 18947
5933 23559
5934 22642
5935 1851
5936 7288
5937 3813
5938 7263
5939 5152
5940 8452
5941 24527
5942 27956
5943 14630
5944 17569
5945 12584
5946 26587
5947 4958
5948 5296
5949 27933
5950 22232
5951 26638
5952 4842
5953 22992
5954 17882
5955 14840
5956 1433
5957 30902
5958 29584
5959 17375
5960 6152
5961 30013
5962 5566
5963 31816
5964 24376
5965 26291
5966 9104
5967 1662
5968 5844
5969 26979
5970 6702
5971 13528
5972 10855
5973 21249
5974 28560
5975 62
5976 24269
5977 1608
5978 10132
5979 6378
5980 12264
5981 10721
5982 16206
5983 29804
5984 13972
5985 18055
5986 25247
5987 31985
5988 10972
5989 4201
5990 8201
5991 17860
5992 22126
5993 24527
5994 3777
5995 26901
5996 2892
5997 7425
5998 6918
5999 29434
6000 29381
6001 9061
6002 27826
6003 32179
6004 18596
6005 24551
6006 7183
6007 25394
6008 22183
6009 11933
6010 10475
6011 10203
6012 17458
6013 15275
6014 26607
6015 648
6016 3653
6017 27493
6018 23084
6019 9680
6020 15276
6021 3508
6022 8951
6023 11913
6024 8565
6025 24763
6026 4087
6027 23435
6028 19367
6029 9914
6030 26492
6031 29367
6032 24113
6033 21298
6034 28946
6035 30520
6036 545
6037 4938
6038 27735
6039 5385
6040 13078
6041 13681
6042 27145
6043 26039
6044 248
6045 13381
6046 15203
6047 29289
6048 6630
6049 26803
6050 27562
6051 5917
6052 12400
6053 10080
6054 30723
6055 11060
6056 4615
6057 19784
6058 14727
6059 4913
6060 433
6061 32678
6062 13721
6063 8126
6064 11010
6065 8979
6066 18551
6067 24048
6068 16711
6069 19953
6070 24080
6071 15563
6072 7940
6073 14858
6074 11542
6075 11273
6076 31137
6077 31093
6078 10323
6079 6167
6080 32096
6081 29370
6082 6720
6083 26465
6084 26002
6085 26677
6086 7892
6087 23759
6088 25867
6089 3776
6090 28570
6091 911
6092 29395
6093 30604
6094 13830
6095 2070
6096 20254
6097 20816
6098 22537
6099 8801
6100 21630
6101 17574
6102 29411
6103 30081
6104 26968
6105 28593
6106 30777
6107 2134
6108 9621
6109 17668
6110 8551
6111 15259
6112 153
6113 20927
6114 11543
6115 24866
6116 7033
6117 12027
6118 6931
6119 22625
6120 31592
6121 8809
6122 23127
6123 21550
6124 18547
6125 12853
6126 7531
6127 11719
6128 25711
6129 12337
6130 18671
6131 26901
6132 28207
6133 47
6134 12407
6135 20018
6136 1274
6137 7598
6138 5530
6139 15400
6140 24635
6141 9402
6142 7494
6143 6396
6144 3963
6145 25101
6146 12118
6147 747
6148 30349
6149 11898
6150 29799
6151 9971
6152 23048
6153 6540
6154 26087
6155 24725
6156 4091
6157 10090
6158 9326
6159 1754
6160 10459
6161 9725
6162 2130
6163 2708
6164 9408
6165 23893
6166 8310
6167 18918
6168 2257
6169 8009
6170 4962
6171 15622
6172 26877
6173 31326
6174 5785
6175 24642
6176 14829
6177 5099
6178 28710
6179 32577
6180 32566
6181 28026
6182 13945
6183 17804
6184 10706
6185 6512
6186 17009
6187 14412
6188 15057
6189 8945
6190 1978
6191 32086
6192 32332
6193 11518
6194 18265
6195 4964
6196 29339
6197 3296
6198 20613
6199 24485
6200 12231
6201 25546
6202 17337
6203 13433
6204 25410
6205 31674
6206 3079
6207 13685
6208 13270
6209 27552
6210 687
6211 15534
6212 8668
6213 18114
6214 28912
6215 9524
6216 14254
6217 23391
6218 25630
6219 7900
6220 7775
6221 17554
6222 2037
6223 28483
6224 27305
6225 21370
6226 31533
6227 17423
6228 13862
6229 5016
6230 21070
6231 31352
6232 22723
6233 28280
6234 15558
6235 8
6236 22131
6237 12948
6238 57
6239 12446
6240 21792
6241 373
6242 15896
6243 21945
6244 12007
6245 26907
6246 14197
6247 10995
6248 29828
6249 11423
6250 790
6251 3020
6252 29707
6253 23
6254 27080
6255 11945
6256 6106
6257 15290
6258 23797
6259 4381
6260 12747
6261 19013
6262 15225
6263 31078
6264 1710
6265 22173
6266 22706
6267 12603
6268 11766
6269 31925
6270 31190
6271 24005
6272 6578
6273 434
6274 15754
6275 6379
6276 23231
6277 22349
6278 8624
6279 12242
6280 30012
6281 28281
6282 7040
6283 10916
6284 22847
6285 7494
6286 30170
6287 401
6288 21446
6289 7174
6290 27098
6291 8980
6292 3057
6293 23982
6294 9646
6295 12152
6296 24686
6297 18303
6298 13732
6299 3482
6300 14644
6301 3045
6302 903
6303 15600
6304 8564
6305 11423
6306 24620
6307 2250
6308 15820
6309 26656
6310 19272
6311 216
6312 29375
6313 5685
6314 28036
6315 23277
6316 20322
6317 14313
6318 30932
6319 8706
6320 4183
6321 16038
6322 25348
6323 22142
6324 20223
6325 20124
6326 11924
6327 25525
6328 12524
6329 102
6330 13765
6331 3758
6332 11157
6333 26091
6334 11252
6335 16937
6336 12366
6337 22147
6338 18727
6339 23520
6340 21623
6341 18012
6342 21478
6343 24334
6344 18931
6345 11547
6346 32076
6347 12334
6348 15324
6349 16326
6350 17245
6351 15877
6352 25460
6353 481
6354 19866
6355 15330
6356 26975
6357 29143
6358 30675
6359 20773
6360 26384
6361 21660
6362 32573
6363 25086
6364 7298
6365 25745
6366 1476
6367 21879
6368 11816
6369 26536
6370 24482
6371 31925
6372 32550
6373 28872
6374 24369
6375 32634
6376 31681
6377 20595
6378 4861
6379 29167
6380 26644
6381 30886
6382 10782
6383 30625
6384 1797
6385 22528
6386 29381
6387 6089
6388 11640
6389 28711
6390 10004
6391 9936
6392 5571
6393 11112
6394 31795
6395 26898
6396 1889
6397 13725
6398 10144
6399 21219
6400 9962
6401 23636
6402 20166
6403 2511
6404 578
6405 14893
6406 5330
6407 2854
6408 11537
6409 12676
6410 15042
6411 7097
6412 372
6413 31312
6414 1470
6415 25822
6416 22771
6417 18251
6418 24492
6419 25274
6420 20914
6421 18004
6422 26111
6423 1983
6424 29675
6425 17
6426 23247
6427 14707
6428 19355
6429 23256
6430 11311
6431 2675
6432 19068
6433 17616
6434 1467
6435 21944
6436 1588
6437 18771
6438 8304
6439 7962
6440 9932
6441 5527
6442 17601
6443 23826
6444 6499
6445 12430
6446 13030
6447 4036
6448 23332
6449 27146
6450 25976
6451 18749
6452 28789
6453 17701
6454 25147
6455 2809
6456 23665
6457 25056
6458 3387
6459 7336
6460 11417
6461 10762
6462 12826
6463 16433
6464 27846
6465 17764
6466 14248
6467 26360
6468 5987
6469 6402
6470 12724
6471 19549
6472 21976
6473 22004
6474 17698
6475 6533
6476 9545
6477 23334
6478 4670
6479 30300
6480 13185
6481 28293
6482 6480
6483 11226
6484 2089
6485 4451
6486 19825
6487 15238
6488 20030
6489 29725
6490 18844
6491 4153
6492 20930
6493 19707
6494 23560
6495 11301
6496 1457
6497 5719
6498 23477
6499 30741
6500 9782
