1 30722
2 31813
3 6134
4 19231
5 24547
6 5134
7 26775
8 32399
9 3553
10 2157
11 2733
12 11250
13 5892
14 21597
15 7962
16 31542
17 9174
18 23880
19 6255
20 27705
21 28176
22 2589
23 17839
24 18045
25 16754
26 20642
27 31318
28 12579
29 1011
30 11532
31 30617
32 1815
33 2330
34 14285
35 31472
36 15240
37 13484
38 19885
39 5586
40 25243
41 12423
42 32284
43 12991
44 12896
45 14798
46 13254
47 27524
48 4101
49 18758
50 19305
51 5307
52 32073
53 6912
54 3299
55 8849
56 31284
57 22841
58 14992
59 19148
60 12037
61 28286
62 10962
63 2060
64 29293
65 17172
66 8177
67 25168
68 32762
69 27030
70 21030
71 8381
72 29398
73 32480
74 24562
75 18587
76 22705
77 16684
78 6324
79 3489
80 28924
81 8827
82 21883
83 6002
84 27736
85 23095
86 21529
87 16487
88 16462
89 14870
90 18553
91 12687
92 25408
93 19009
94 6194
95 32756
96 1183
97 28854
98 29787
99 12064
100 5471
101 10218
102 17826
103 15584
104 13480
105 2227
106 7832
107 6728
108 21711
109 11110
110 10319
111 13815
112 11396
113 9276
114 15655
115 31645
116 18509
117 7931
118 9701
119 27834
120 20531
121 24018
122 11525
123 13992
124 21946
125 8068
126 31826
127 27099
128 15895
129 12489
130 30899
131 13928
132 7326
133 11505
134 4168
135 20932
136 4474
137 12746
138 11957
139 27086
140 160
141 2756
142 19390
143 18704
144 13574
145 5971
146 18453
147 4162
148 17423
149 28821
150 3183
151 10512
152 17738
153 4661
154 7901
155 22046
156 12893
157 2703
158 8794
159 1096
160 828
161 30228
162 29856
163 16686
164 23199
165 18928
166 24129
167 31472
168 22194
169 12779
170 2290
171 27958
172 23054
173 1421
174 12330
175 24436
176 24808
177 6278
178 16364
179 6252
180 13960
181 27213
182 21984
183 10996
184 7933
185 30982
186 22697
187 32761
188 18704
189 15273
190 6515
191 16836
192 7286
193 1889
194 13259
195 3196
196 14410
197 25650
198 8116
199 2028
200 13754
201 5343
202 10743
203 20103
204 768
205 22027
206 18106
207 17833
208 27284
209 6302
210 29268
211 19232
212 6815
213 15210
214 5216
215 23531
216 16563
217 2063
218 6416
219 6209
220 3514
221 30491
222 13509
223 18646
224 13869
225 32630
226 1500
227 18777
228 17031
229 29950
230 2250
231 31809
232 17400
233 14958
234 4715
235 11209
236 16733
237 19076
238 17559
239 31801
240 28784
241 23651
242 12535
243 21352
244 3900
245 10038
246 7702
247 22911
248 29141
249 2326
250 8891
251 30463
252 6213
253 5422
254 2935
255 29702
256 24777
257 19740
258 15994
259 7374
260 10814
261 2459
262 4522
263 3958
264 31446
265 22111
266 18167
267 5893
268 32527
269 17729
270 8936
271 14252
272 29926
273 31900
274 20858
275 20555
276 22343
277 1271
278 3371
279 30007
280 24009
281 6628
282 15442
283 26683
284 9368
285 551
286 30897
287 20956
288 4274
289 13083
290 13645
291 8161
292 17495
293 17234
294 30334
295 11539
296 14266
297 28796
298 20546
299 5698
300 18941
301 15498
302 7894
303 24712
304 24156
305 26131
306 11656
307 21714
308 22953
309 16374
310 16327
311 13467
312 5112
313 11329
314 12412
315 11259
316 4763
317 15953
318 7069
319 9441
320 7761
321 18491
322 17918
323 24476
324 2490
325 22379
326 14187
327 29857
328 15374
329 25739
330 15093
331 9096
332 21519
333 15015
334 14729
335 4951
336 30524
337 22926
338 8903
339 26627
340 8520
341 22395
342 22544
343 20788
344 1994
345 1524
346 19937
347 30281
348 26166
349 24051
350 22368
351 25500
352 17932
353 30532
354 20533
355 23815
356 5967
357 3886
358 6299
359 14759
360 11577
361 25173
362 6071
363 11487
364 29485
365 24031
366 14376
367 8352
368 28141
369 27606
370 4831
371 1256
372 23821
373 24269
374 15409
375 14473
376 4264
377 16583
378 26410
379 28460
380 18257
381 2388
382 21285
383 14485
384 10316
385 32509
386 14233
387 3369
388 11775
389 18402
390 8758
391 941
392 5283
393 28066
394 31537
395 5200
396 8511
397 22651
398 9180
399 3308
400 21719
401 1459
402 25465
403 6793
404 24544
405 32054
406 5712
407 3107
408 27128
409 19072
410 21247
411 12973
412 468
413 31933
414 31250
415 597
416 18810
417 29231
418 25555
419 22794
420 12976
421 29393
422 8291
423 3643
424 24500
425 24122
426 32266
427 12258
428 31789
429 28867
430 18892
431 4290
432 8802
433 25580
434 32317
435 3052
436 8362
437 28156
438 21654
439 8584
440 13091
441 25832
442 27655
443 20690
444 1447
445 2166
446 31567
447 21347
448 4604
449 14242
450 16523
451 7602
452 11851
453 5441
454 9035
455 18650
456 24532
457 24548
458 15595
459 18846
460 17887
461 255
462 15137
463 6314
464 12534
465 5963
466 20690
467 12315
468 14929
469 104
470 10538
471 578
472 28562
473 9671
474 4331
475 19877
476 26291
477 4295
478 18949
479 29255
480 20028
481 2590
482 15720
483 11306
484 19897
485 18555
486 32534
487 22289
488 19051
489 29290
490 22652
491 8074
492 25662
493 30583
494 19714
495 17708
496 16123
497 1174
498 19681
499 21022
500 27583
501 6082
502 2612
503 27609
504 1708
505 30437
506 9299
507 8494
508 23774
509 3576
510 7516
511 22922
512 11936
513 30827
514 19986
515 18809
516 25056
517 14791
518 19435
519 4201
520 14561
521 27026
522 30052
523 25521
524 24880
525 22131
526 6296
527 27345
528 28377
529 25750
530 26641
531 12539
532 6106
533 11090
534 12766
535 20435
536 17368
537 5641
538 3301
539 14196
540 17425
541 3152
542 28795
543 14259
544 18322
545 25936
546 27186
547 11943
548 24490
549 10860
550 26098
551 105
552 10398
553 27941
554 15436
555 15384
556 27294
557 13370
558 31498
559 4640
560 18168
561 17427
562 7179
563 32700
564 17804
565 18015
566 7758
567 21434
568 22144
569 5373
570 13644
571 28799
572 7221
573 11288
574 651
575 28490
576 4473
577 1943
578 3440
579 2237
580 24574
581 28596
582 27989
583 26265
584 31498
585 30954
586 23003
587 17097
588 21105
589 15125
590 5505
591 30626
592 12737
593 981
594 26230
595 25961
596 8124
597 2099
598 4524
599 20757
600 21003
601 22919
602 3118
603 8279
604 2352
605 8601
606 22195
607 5848
608 26813
609 27142
610 14195
611 30914
612 8131
613 29413
614 17977
615 13953
616 30094
617 23723
618 32442
619 1483
620 3727
621 10572
622 19749
623 3037
624 32154
625 22691
626 18683
627 32008
628 30034
629 9236
630 4641
631 21869
632 11745
633 7536
634 1076
635 3845
636 21228
637 13592
638 13340
639 30948
640 3525
641 27494
642 27620
643 5054
644 32739
645 12616
646 6344
647 6058
648 16784
649 15406
650 24464
651 1830
652 14562
653 20775
654 19229
655 29531
656 23788
657 19270
658 18754
659 21923
660 14645
661 24907
662 27093
663 8777
664 17770
665 28287
666 5125
667 30864
668 25935
669 17120
670 9709
671 5110
672 9467
673 15998
674 12906
675 25273
676 1349
677 15397
678 20778
679 26011
680 27770
681 3900
682 13574
683 15586
684 3921
685 6381
686 31890
687 1700
688 26144
689 14471
690 28914
691 29249
692 591
693 6944
694 9967
695 11569
696 22541
697 11902
698 13898
699 3328
700 20547
701 15160
702 31567
703 6806
704 14022
705 27160
706 5806
707 25276
708 22737
709 14532
710 8071
711 12252
712 26546
713 8605
714 15300
715 4360
716 29635
717 31464
718 4779
719 21054
720 5020
721 20780
722 19891
723 18923
724 2951
725 16602
726 7063
727 8109
728 2357
729 4915
730 27050
731 28765
732 18351
733 8807
734 18282
735 29517
736 12174
737 18682
738 10327
739 1230
740 18287
741 24684
742 30726
743 14838
744 2210
745 4889
746 13425
747 24992
748 27682
749 1374
750 657
751 5811
752 17354
753 6653
754 28975
755 18344
756 13253
757 21955
758 24055
759 22342
760 24647
761 9832
762 12494
763 15024
764 9082
765 4278
766 24933
767 14498
768 24508
769 2541
770 31502
771 11768
772 16903
773 103
774 4815
775 31600
776 2224
777 22392
778 25525
779 176
780 8789
781 23192
782 1387
783 18571
784 14609
785 27588
786 28939
787 19072
788 32241
789 28961
790 18484
791 25987
792 18604
793 17891
794 4701
795 30721
796 24462
797 12909
798 25705
799 14622
800 31670
801 12217
802 9851
803 14145
804 23937
805 31227
806 27659
807 8146
808 1350
809 13953
810 4666
811 13378
812 25668
813 12510
814 6242
815 4172
816 6616
817 29511
818 26354
819 9595
820 4340
821 15933
822 30841
823 4077
824 4556
825 9069
826 6400
827 10326
828 7122
829 18388
830 12189
831 30535
832 7141
833 4390
834 17989
835 28081
836 21189
837 17009
838 17378
839 1701
840 32715
841 19453
842 3237
843 13917
844 9175
845 21112
846 31902
847 19072
848 28809
849 12623
850 28810
851 8098
852 14260
853 31839
854 20716
855 20490
856 28431
857 17613
858 21343
859 16313
860 7214
861 9522
862 26154
863 10664
864 15537
865 22780
866 31253
867 4688
868 32444
869 25361
870 7803
871 17263
872 23975
873 1973
874 9121
875 13578
876 30454
877 7597
878 14150
879 1966
880 11147
881 31396
882 12155
883 29692
884 24858
885 32463
886 30645
887 21349
888 30686
889 973
890 21537
891 9777
892 18570
893 13009
894 28471
895 15046
896 16003
897 1538
898 26002
899 23079
900 25164
901 31010
902 17407
903 7611
904 26689
905 11630
906 11220
907 21072
908 6025
909 1222
910 4483
911 3167
912 7494
913 30734
914 18798
915 20881
916 8206
917 11476
918 22269
919 31619
920 10143
921 3635
922 12782
923 14278
924 11470
925 27895
926 30189
927 18731
928 26049
929 27393
930 12389
931 28221
932 8798
933 13806
934 16533
935 4366
936 19715
937 21747
938 32230
939 9271
940 25464
941 3595
942 6268
943 20762
944 31778
945 9813
946 26635
947 23402
948 11129
949 439
950 7404
951 24046
952 23996
953 26056
954 1904
955 17537
956 30947
957 25581
958 26996
959 10078
960 23253
961 11970
962 1589
963 27546
964 2011
965 24251
966 25702
967 19698
968 7508
969 27147
970 30336
971 13511
972 23723
973 21444
974 7514
975 615
976 25223
977 22080
978 14585
979 10382
980 24129
981 3265
982 15273
983 17453
984 23963
985 24660
986 29516
987 4201
988 175
989 15355
990 31987
991 23527
992 10789
993 19466
994 5803
995 25415
996 32681
997 19666
998 17306
999 13550
1000 20124
1001 11389
1002 30282
1003 521
1004 10506
1005 1081
1006 13636
1007 206
1008 20189
1009 11417
1010 28129
1011 17413
1012 14160
1013 28983
1014 26973
1015 11208
1016 20134
1017 10143
1018 6189
1019 21383
1020 15387
1021 11624
1022 10130
1023 8527
1024 17435
1025 4516
1026 5487
1027 23115
1028 6834
1029 28027
1030 13912
1031 24715
1032 14916
1033 12306
1034 25067
1035 32260
1036 4734
1037 25010
1038 14691
1039 24792
1040 9100
1041 8742
1042 15466
1043 11480
1044 22924
1045 26212
1046 8239
1047 17991
1048 15427
1049 14704
1050 7353
1051 14817
1052 18191
1053 1150
1054 9339
1055 26140
1056 32029
1057 8791
1058 14888
1059 18862
1060 3548
1061 16893
1062 22728
1063 6991
1064 7602
1065 23698
1066 8716
1067 3776
1068 1773
1069 17014
1070 18142
1071 27404
1072 9980
1073 944
1074 24125
1075 22030
1076 3039
1077 14223
1078 7752
1079 31027
1080 5596
1081 26512
1082 11160
1083 25474
1084 24948
1085 8579
1086 29395
1087 19673
1088 3477
1089 29930
1090 16510
1091 7801
1092 12817
1093 24482
1094 2835
1095 25796
1096 6735
1097 28101
1098 9044
1099 3654
1100 6209
1101 4302
1102 16094
1103 7155
1104 917
1105 29182
1106 4353
1107 9903
1108 14640
1109 17407
1110 26063
1111 24084
1112 11992
1113 22472
1114 29555
1115 25711
1116 28464
1117 30912
1118 21957
1119 11275
1120 4586
1121 21542
1122 26651
1123 14771
1124 1080
1125 28592
1126 29025
1127 28786
1128 13699
1129 29554
1130 22124
1131 19101
1132 31840
1133 19202
1134 18059
1135 9235
1136 18368
1137 25050
1138 5727
1139 31172
1140 28774
1141 32509
1142 15597
1143 17008
1144 16031
1145 990
1146 9970
1147 17585
1148 30765
1149 4733
1150 21622
1151 3644
1152 2692
1153 24275
1154 29860
1155 28772
1156 9529
1157 12144
1158 29657
1159 9696
1160 22711
1161 20835
1162 12283
1163 1485
1164 3380
1165 858
1166 18188
1167 26615
1168 26083
1169 7178
1170 13311
1171 7764
1172 25707
1173 28625
1174 11722
1175 10193
1176 24729
1177 14746
1178 31932
1179 81
1180 10321
1181 2818
1182 14865
1183 12787
1184 23499
1185 1977
1186 11716
1187 2964
1188 23036
1189 28714
1190 16036
1191 8342
1192 20817
1193 16222
1194 10410
1195 30175
1196 18595
1197 24605
1198 28042
1199 36
1200 13416
1201 15703
1202 13192
1203 22375
1204 27686
1205 12739
1206 1677
1207 17342
1208 5166
1209 6854
1210 12154
1211 1879
1212 20358
1213 4758
1214 5564
1215 2489
1216 20007
1217 5535
1218 24353
1219 18508
1220 2920
1221 5926
1222 16873
1223 12316
1224 20667
1225 18732
1226 15649
1227 17626
1228 20631
1229 7061
1230 11052
1231 14628
1232 28085
1233 13961
1234 25251
1235 23557
1236 639
1237 29723
1238 22879
1239 32704
1240 15558
1241 7464
1242 32211
1243 15817
1244 25011
1245 28034
1246 15007
1247 15381
1248 3584
1249 9038
1250 22627
1251 22419
1252 18023
1253 7595
1254 12753
1255 22523
1256 27739
1257 20117
1258 28167
1259 4294
1260 27383
1261 1032
1262 13595
1263 4989
1264 12340
1265 19560
1266 4855
1267 22327
1268 18014
1269 31264
1270 31847
1271 31070
1272 8649
1273 2698
1274 10864
1275 31665
1276 30400
1277 29711
1278 16356
1279 9103
1280 11198
1281 8079
1282 27955
1283 24178
1284 15329
1285 4354
1286 1668
1287 20410
1288 7579
1289 864
1290 16388
1291 27564
1292 427
1293 31679
1294 1150
1295 17338
1296 32331
1297 6075
1298 6701
1299 26628
1300 31403
1301 6939
1302 2510
1303 544
1304 28319
1305 178
1306 31736
1307 3350
1308 19092
1309 4738
1310 176
1311 20143
1312 7113
1313 19752
1314 30009
1315 30192
1316 16572
1317 4724
1318 31785
1319 737
1320 16866
1321 28503
1322 15298
1323 23443
1324 8858
1325 30978
1326 22142
1327 12896
1328 15972
1329 1356
1330 20972
1331 8565
1332 1614
1333 16980
1334 24507
1335 8078
1336 12976
1337 29032
1338 15636
1339 12801
1340 15641
1341 18726
1342 7214
1343 32766
1344 13961
1345 17121
1346 19484
1347 11029
1348 19937
1349 22343
1350 4841
1351 4344
1352 6807
1353 28224
1354 28134
1355 23171
1356 32686
1357 1561
1358 11331
1359 31737
1360 15078
1361 21985
1362 6109
1363 2705
1364 29744
1365 28435
1366 8279
1367 2865
1368 24932
1369 8822
1370 15468
1371 7801
1372 21046
1373 11330
1374 30083
1375 11779
1376 14439
1377 27524
1378 20868
1379 32489
1380 56
1381 10435
1382 3819
1383 19848
1384 19748
1385 12260
1386 26395
1387 22148
1388 28366
1389 16715
1390 19188
1391 28941
1392 8761
1393 7747
1394 19879
1395 7776
1396 29495
1397 13472
1398 12745
1399 12944
1400 21028
1401 11683
1402 19623
1403 31366
1404 12755
1405 25629
1406 13274
1407 838
1408 16841
1409 1495
1410 26907
1411 26229
1412 6313
1413 25650
1414 30808
1415 16408
1416 25328
1417 14347
1418 15367
1419 12703
1420 27106
1421 23777
1422 15290
1423 5666
1424 1733
1425 18234
1426 22771
1427 19434
1428 22092
1429 14914
1430 15930
1431 14131
1432 16470
1433 182
1434 17518
1435 25136
1436 10201
1437 11520
1438 16985
1439 24144
1440 22296
1441 9380
1442 31366
1443 19136
1444 31773
1445 31450
1446 6999
1447 9265
1448 18787
1449 24188
1450 1362
1451 16859
1452 3795
1453 7971
1454 19388
1455 9154
1456 24305
1457 3470
1458 9065
1459 30264
1460 5208
1461 15171
1462 13266
1463 28323
1464 19300
1465 23928
1466 32360
1467 25984
1468 9262
1469 22323
1470 20520
1471 20904
1472 24765
1473 11953
1474 29040
1475 2258
1476 13178
1477 29189
1478 2065
1479 26970
1480 20965
1481 20225
1482 24485
1483 20801
1484 8071
1485 25177
1486 3107
1487 1652
1488 1319
1489 518
1490 6832
1491 29777
1492 18497
1493 1769
1494 17592
1495 25191
1496 30388
1497 22961
1498 22846
1499 2173
1500 15035
1501 18174
1502 20592
1503 9174
1504 11038
1505 24262
1506 15743
1507 29108
1508 27562
1509 25337
1510 4781
1511 13083
1512 12766
1513 2400
1514 27560
1515 7639
1516 487
1517 5323
1518 21014
1519 24257
1520 14287
1521 2411
1522 12401
1523 4413
1524 12529
1525 125
1526 26389
1527 20487
1528 10672
1529 24360
1530 14231
1531 17200
1532 9064
1533 29865
1534 31321
1535 20323
1536 26277
1537 17325
1538 21083
1539 19053
1540 30099
1541 31486
1542 21332
1543 22780
1544 694
1545 24930
1546 19970
1547 22951
1548 16347
1549 14529
1550 14014
1551 303
1552 6479
1553 23685
1554 23123
1555 3077
1556 12622
1557 8006
1558 21776
1559 10508
1560 12222
1561 11175
1562 28
1563 415
1564 14878
1565 27771
1566 18698
1567 726
1568 10169
1569 16429
1570 10157
1571 19461
1572 17951
1573 31582
1574 9774
1575 26246
1576 16853
1577 32463
1578 12123
1579 10937
1580 1868
1581 25730
1582 5954
1583 30280
1584 12304
1585 2076
1586 4607
1587 6064
1588 20546
1589 28302
1590 3282
1591 4861
1592 14408
1593 20724
1594 7541
1595 9172
1596 32451
1597 20157
1598 31660
1599 8375
1600 26305
1601 2829
1602 14621
1603 9093
1604 30261
1605 14687
1606 11106
1607 6976
1608 20644
1609 23919
1610 15453
1611 11027
1612 10784
1613 16983
1614 5323
1615 31380
1616 26234
1617 27896
1618 21788
1619 23366
1620 14516
1621 3483
1622 20611
1623 26466
1624 22197
1625 13528
1626 32329
1627 32215
1628 5440
1629 20408
1630 5478
1631 16271
1632 39
1633 12054
1634 1618
1635 29172
1636 17084
1637 7755
1638 18201
1639 27315
1640 29833
1641 19722
1642 9646
1643 26815
1644 7745
1645 4232
1646 5249
1647 32410
1648 2806
1649 16352
1650 9555
1651 29136
1652 14731
1653 12215
1654 9801
1655 13252
1656 621
1657 4379
1658 5440
1659 22446
1660 17790
1661 14257
1662 23905
1663 10725
1664 13394
1665 2832
1666 4853
1667 19546
1668 3230
1669 10088
1670 8570
1671 31845
1672 22253
1673 29031
1674 8182
1675 26053
1676 32149
1677 8541
1678 16267
1679 9954
1680 20458
1681 2462
1682 2124
1683 27220
1684 17841
1685 7208
1686 22607
1687 14761
1688 5848
1689 29573
1690 22787
1691 28003
1692 31588
1693 25331
1694 24260
1695 24129
1696 10154
1697 20931
1698 26285
1699 15296
1700 22722
1701 26111
1702 9902
1703 11232
1704 1337
1705 16975
1706 25566
1707 6187
1708 1542
1709 23325
1710 786
1711 19444
1712 19391
1713 9976
1714 1966
1715 18397
1716 29709
1717 11830
1718 29883
1719 28316
1720 21342
1721 15838
1722 17466
1723 28414
1724 18137
1725 16837
1726 26808
1727 3883
1728 25239
1729 2550
1730 3363
1731 15661
1732 20496
1733 32599
1734 1756
1735 2220
1736 28883
1737 2954
1738 11789
1739 27131
1740 6523
1741 14354
1742 4157
1743 31321
1744 30942
1745 18615
1746 12578
1747 368
1748 32647
1749 21803
1750 19894
1751 31778
1752 23399
1753 9709
1754 21901
1755 133
1756 23495
1757 22638
1758 3685
1759 9004
1760 20865
1761 3699
1762 5631
1763 16809
1764 16240
1765 11450
1766 13869
1767 22095
1768 28453
1769 27872
1770 16173
1771 14653
1772 15835
1773 18050
1774 23605
1775 29336
1776 13741
1777 29603
1778 5711
1779 535
1780 18183
1781 5197
1782 31079
1783 16325
1784 13915
1785 13691
1786 4002
1787 14850
1788 4629
1789 16183
1790 9970
1791 13515
1792 17616
1793 3584
1794 5352
1795 11836
1796 6090
1797 15214
1798 27849
1799 3155
1800 14741
1801 23065
1802 23523
1803 22519
1804 7440
1805 10422
1806 8225
1807 10553
1808 17558
1809 131
1810 19678
1811 10457
1812 19829
1813 742
1814 20983
1815 19212
1816 20386
1817 19024
1818 31012
1819 10108
1820 26027
1821 8808
1822 19848
1823 4753
1824 28908
1825 2918
1826 8582
1827 23535
1828 28166
1829 3260
1830 9943
1831 22080
1832 28045
1833 6908
1834 19673
1835 3123
1836 1281
1837 5366
1838 22826
1839 18116
1840 19456
1841 7200
1842 28278
1843 18623
1844 14777
1845 19516
1846 30093
1847 25471
1848 30372
1849 5684
1850 7353
1851 18684
1852 30321
1853 16969
1854 24910
1855 16133
1856 28222
1857 23916
1858 22402
1859 6089
1860 31500
1861 5612
1862 9343
1863 5020
1864 3188
1865 19282
1866 24247
1867 4088
1868 26518
1869 21898
1870 18552
1871 10178
1872 22099
1873 18243
1874 6336
1875 10447
1876 22204
1877 12183
1878 18002
1879 679
1880 24265
1881 7919
1882 2313
1883 4745
1884 2127
1885 29473
1886 1389
1887 28847
1888 14636
1889 11996
1890 22148
1891 8914
1892 7108
1893 24646
1894 27115
1895 22513
1896 31666
1897 23267
1898 25124
1899 4431
1900 23223
1901 18617
1902 29490
1903 23739
1904 20982
1905 22194
1906 28003
1907 1043
1908 4964
1909 65
1910 27246
1911 22027
1912 8058
1913 15944
1914 20669
1915 27691
1916 813
1917 7482
1918 8460
1919 4631
1920 12831
1921 32381
1922 16947
1923 12819
1924 20759
1925 2322
1926 16192
1927 27334
1928 1199
1929 3447
1930 11209
1931 12862
1932 6220
1933 24780
1934 8833
1935 10805
1936 4435
1937 29494
1938 4616
1939 2451
1940 666
1941 9601
1942 19464
1943 16180
1944 13341
1945 8713
1946 2685
1947 12778
1948 29427
1949 15578
1950 24404
1951 16838
1952 7552
1953 7958
1954 16952
1955 28307
1956 16363
1957 16791
1958 12457
1959 18340
1960 21714
1961 31446
1962 5198
1963 2256
1964 32317
1965 9227
1966 25484
1967 2234
1968 19153
1969 6550
1970 12375
1971 23638
1972 23367
1973 6814
1974 6472
1975 21416
1976 31772
1977 19448
1978 20720
1979 13263
1980 1929
1981 25162
1982 12141
1983 21059
1984 9141
1985 14192
1986 570
1987 30043
1988 12586
1989 20254
1990 3660
1991 7698
1992 32133
1993 3783
1994 30810
1995 7946
1996 3698
1997 11454
1998 1916
1999 9425
2000 6360
2001 6812
2002 30199
2003 4964
2004 30801
2005 28385
2006 17495
2007 23793
2008 15069
2009 4574
2010 17087
2011 13793
2012 5335
2013 12754
2014 17534
2015 18966
2016 20776
2017 16979
2018 12770
2019 22385
2020 4538
2021 2799
2022 27729
2023 20888
2024 29744
2025 2324
2026 14485
2027 29430
2028 28372
2029 10541
2030 9080
2031 24323
2032 31184
2033 6926
2034 5265
2035 14789
2036 22690
2037 17810
2038 861
2039 22679
2040 6090
2041 7554
2042 658
2043 28713
2044 4805
2045 25529
2046 5551
2047 25544
2048 5695
2049 3718
2050 1240
2051 6623
2052 29317
2053 25170
2054 8929
2055 31166
2056 4665
2057 32131
2058 14761
2059 30363
2060 26953
2061 23456
2062 4265
2063 19414
2064 20513
2065 5045
2066 16844
2067 20098
2068 7968
2069 22009
2070 20609
2071 30752
2072 7753
2073 27822
2074 14095
2075 3757
2076 7484
2077 17481
2078 24106
2079 3552
2080 18276
2081 16083
2082 12995
2083 13741
2084 2161
2085 22159
2086 20004
2087 25101
2088 5385
2089 21469
2090 25659
2091 4097
2092 27578
2093 6750
2094 27702
2095 13268
2096 25140
2097 20825
2098 14161
2099 17569
2100 4789
2101 27485
2102 27116
2103 8470
2104 15812
2105 20776
2106 2785
2107 12663
2108 29730
2109 13256
2110 7444
2111 27366
2112 7422
2113 18944
2114 30540
2115 6113
2116 11368
2117 31981
2118 20033
2119 2572
2120 7688
2121 18409
2122 9462
2123 6449
2124 2064
2125 20400
2126 5960
2127 4997
2128 23151
2129 29890
2130 12999
2131 813
2132 7752
2133 25864
2134 20934
2135 27904
2136 18850
2137 28857
2138 11438
2139 27791
2140 31585
2141 9855
2142 5528
2143 20834
2144 13173
2145 31446
2146 4634
2147 8581
2148 23377
2149 32437
2150 18272
2151 9540
2152 12958
2153 26993
2154 27775
2155 24626
2156 29745
2157 31198
2158 14087
2159 7024
2160 18235
2161 29367
2162 30167
2163 25899
2164 20672
2165 13888
2166 20022
2167 10599
2168 31051
2169 17705
2170 20255
2171 18427
2172 15071
2173 9398
2174 20187
2175 19421
2176 2864
2177 28701
2178 18134
2179 10144
2180 13843
2181 6448
2182 8619
2183 6971
2184 15412
2185 7227
2186 12161
2187 9996
2188 2567
2189 11056
2190 13466
2191 12317
2192 6913
2193 5121
2194 17961
2195 14757
2196 23815
2197 26190
2198 26980
2199 22482
2200 26663
2201 7232
2202 10459
2203 16325
2204 24198
2205 19125
2206 5128
2207 6367
2208 2201
2209 7325
2210 23847
2211 29499
2212 408
2213 7587
2214 2376
2215 1915
2216 2096
2217 6161
2218 26274
2219 9160
2220 18297
2221 2541
2222 15658
2223 27156
2224 11303
2225 30056
2226 28004
2227 17314
2228 6660
2229 4218
2230 29049
2231 11721
2232 5534
2233 6086
2234 29835
2235 17397
2236 13884
2237 18627
2238 29765
2239 10990
2240 29719
2241 18205
2242 8374
2243 16733
2244 9927
2245 29017
2246 28255
2247 14732
2248 18428
2249 26809
2250 3722
2251 109
2252 20078
2253 20575
2254 16862
2255 5598
2256 13591
2257 1972
2258 14641
2259 14891
2260 671
2261 25611
2262 30877
2263 5332
2264 25880
2265 11650
2266 28886
2267 14481
2268 13803
2269 25385
2270 17082
2271 10388
2272 31250
2273 2663
2274 24874
2275 17166
2276 12936
2277 3481
2278 1305
2279 13556
2280 4350
2281 28155
2282 10210
2283 23299
2284 25808
2285 19660
2286 30687
2287 13314
2288 21559
2289 4013
2290 31543
2291 18503
2292 13760
2293 9291
2294 21751
2295 10876
2296 7677
2297 10045
2298 24677
2299 30115
2300 30074
2301 29232
2302 5777
2303 27736
2304 10994
2305 21825
2306 29228
2307 7510
2308 21955
2309 32682
2310 17821
2311 12605
2312 23712
2313 23457
2314 14162
2315 17811
2316 29830
2317 24957
2318 22612
2319 30984
2320 3057
2321 9755
2322 2335
2323 3326
2324 30287
2325 10368
2326 8368
2327 16456
2328 27573
2329 8895
2330 2527
2331 18226
2332 12497
2333 25117
2334 19183
2335 1218
2336 31520
2337 27252
2338 11108
2339 26942
2340 25952
2341 26837
2342 27668
2343 6638
2344 2121
2345 14705
2346 17793
2347 17955
2348 2936
2349 1210
2350 8294
2351 19833
2352 17068
2353 14277
2354 15504
2355 7000
2356 11060
2357 23539
2358 14831
2359 23489
2360 23976
2361 4560
2362 14317
2363 27975
2364 18392
2365 13115
2366 32510
2367 13403
2368 17154
2369 24776
2370 26745
2371 13261
2372 23112
2373 32354
2374 30886
2375 3728
2376 21856
2377 25397
2378 24344
2379 22206
2380 23438
2381 16587
2382 20797
2383 19931
2384 17103
2385 1396
2386 29491
2387 31326
2388 24407
2389 15852
2390 17117
2391 13933
2392 26430
2393 14904
2394 14647
2395 7145
2396 15991
2397 31185
2398 5606
2399 29098
2400 16129
2401 8964
2402 2324
2403 32268
2404 20833
2405 2457
2406 12154
2407 25258
2408 26959
2409 2227
2410 5310
2411 25961
2412 15024
2413 13303
2414 12288
2415 19129
2416 15044
2417 9200
2418 3760
2419 9495
2420 16801
2421 25010
2422 8610
2423 15830
2424 24544
2425 13758
2426 24676
2427 31520
2428 15510
2429 24102
2430 14031
2431 26424
2432 3974
2433 28658
2434 28892
2435 15617
2436 2964
2437 26561
2438 6329
2439 7620
2440 19837
2441 11700
2442 31516
2443 21550
2444 8902
2445 4231
2446 17880
2447 18584
2448 15602
2449 31745
2450 29870
2451 2700
2452 9464
2453 28303
2454 101
2455 4996
2456 756
2457 29228
2458 1052
2459 9972
2460 3613
2461 7299
2462 19680
2463 29579
2464 14583
2465 23128
2466 1914
2467 22966
2468 28106
2469 2596
2470 138
2471 31591
2472 28498
2473 10751
2474 10970
2475 30996
2476 12728
2477 7363
2478 24556
2479 2
2480 16321
2481 19055
2482 3797
2483 3523
2484 70
2485 8137
2486 19790
2487 3326
2488 28644
2489 12616
2490 32521
2491 12142
2492 8948
2493 1328
2494 1857
2495 10541
2496 9149
2497 18687
2498 14485
2499 12595
2500 233
2501 30216
2502 30486
2503 27417
2504 8246
2505 10590
2506 16543
2507 7715
2508 10606
2509 13043
2510 3941
2511 23934
2512 7577
2513 8193
2514 19150
2515 1478
2516 28273
2517 17577
2518 14983
2519 13260
2520 10774
2521 2267
2522 12241
2523 6293
2524 3843
2525 31861
2526 22811
2527 20134
2528 7233
2529 30383
2530 29654
2531 5246
2532 29146
2533 17590
2534 20613
2535 4197
2536 5521
2537 11159
2538 23827
2539 356
2540 28624
2541 16735
2542 10602
2543 405
2544 5346
2545 24960
2546 6721
2547 15773
2548 11874
2549 16503
2550 15925
2551 17782
2552 6388
2553 25260
2554 31004
2555 23154
2556 2611
2557 31386
2558 31126
2559 24188
2560 21226
2561 29231
2562 11492
2563 18593
2564 4486
2565 9078
2566 9470
2567 17104
2568 26827
2569 1139
2570 9439
2571 21726
2572 3783
2573 19023
2574 18212
2575 16589
2576 18436
2577 18357
2578 29397
2579 29774
2580 8962
2581 2683
2582 4739
2583 13188
2584 2020
2585 31877
2586 16787
2587 24843
2588 28778
2589 3046
2590 25561
2591 1849
2592 23583
2593 7753
2594 23401
2595 1700
2596 21716
2597 21392
2598 20649
2599 3556
2600 5964
2601 23482
2602 16555
2603 16026
2604 13369
2605 25610
2606 17850
2607 9137
2608 15719
2609 24421
2610 20019
2611 23779
2612 21304
2613 11773
2614 13719
2615 9087
2616 9808
2617 26668
2618 29661
2619 3178
2620 16785
2621 20642
2622 22285
2623 11108
2624 12362
2625 12739
2626 31498
2627 31629
2628 21675
2629 10827
2630 29615
2631 12584
2632 637
2633 11572
2634 23838
2635 22686
2636 12816
2637 14553
2638 18005
2639 26310
2640 24436
2641 2395
2642 10755
2643 7779
2644 27115
2645 19012
2646 27033
2647 28399
2648 1951
2649 2922
2650 32419
2651 12439
2652 8593
2653 32023
2654 22105
2655 24966
2656 11218
2657 14182
2658 2929
2659 18534
2660 19957
2661 4336
2662 29240
2663 8228
2664 28612
2665 18600
2666 10977
2667 12532
2668 32306
2669 1796
2670 11805
2671 31382
2672 31889
2673 31326
2674 2028
2675 21463
2676 13829
2677 4761
2678 13490
2679 9050
2680 9017
2681 8199
2682 21645
2683 5528
2684 22608
2685 22922
2686 10470
2687 29734
2688 3871
2689 3578
2690 4166
2691 567
2692 8601
2693 1223
2694 29803
2695 609
2696 2186
2697 20960
2698 24220
2699 18852
2700 12937
2701 8403
2702 9785
2703 936
2704 18215
2705 15157
2706 28054
2707 3142
2708 10861
2709 20036
2710 24841
2711 586
2712 21638
2713 13259
2714 27714
2715 30583
2716 20920
2717 16966
2718 23003
2719 25036
2720 32409
2721 26695
2722 4400
2723 12806
2724 21631
2725 5912
2726 26225
2727 13158
2728 23096
2729 16546
2730 12534
2731 6324
2732 3323
2733 27789
2734 7122
2735 23172
2736 21919
2737 10409
2738 25770
2739 19128
2740 24075
2741 22669
2742 31944
2743 326
2744 23278
2745 10366
2746 16491
2747 1596
2748 7600
2749 10130
2750 14433
2751 23809
2752 680
2753 19732
2754 6616
2755 21725
2756 3983
2757 27947
2758 30834
2759 17083
2760 22068
2761 24759
2762 24215
2763 2094
2764 28530
2765 25724
2766 16399
2767 2995
2768 8799
2769 29570
2770 31440
2771 1590
2772 3015
2773 8379
2774 23060
2775 18903
2776 23001
2777 13287
2778 20399
2779 26093
2780 28703
2781 3509
2782 22432
2783 19531
2784 1972
2785 5931
2786 14822
2787 23491
2788 8113
2789 16455
2790 7829
2791 29673
2792 20968
2793 20967
2794 10280
2795 30233
2796 24533
2797 5862
2798 2073
2799 22460
2800 3025
2801 8328
2802 16815
2803 10694
2804 4745
2805 10776
2806 3864
2807 14723
2808 22703
2809 24527
2810 7351
2811 11924
2812 8431
2813 3320
2814 3775
2815 18997
2816 24101
2817 30034
2818 1281
2819 11201
2820 30157
2821 23990
2822 4354
2823 15991
2824 1722
2825 2041
2826 21073
2827 13438
2828 2060
2829 9748
2830 11543
2831 13095
2832 21596
2833 2178
2834 20208
2835 5235
2836 30009
2837 3050
2838 30201
2839 25045
2840 17112
2841 2558
2842 11819
2843 27704
2844 11271
2845 20899
2846 30951
2847 9540
2848 14947
2849 27218
2850 4817
2851 7645
2852 9931
2853 9918
2854 19426
2855 19949
2856 4628
2857 19127
2858 9657
2859 2404
2860 13822
2861 18510
2862 11314
2863 18045
2864 8807
2865 22586
2866 15418
2867 6466
2868 23231
2869 29050
2870 11490
2871 2130
2872 26556
2873 25660
2874 3762
2875 7906
2876 12623
2877 7166
2878 30015
2879 24578
2880 13526
2881 19699
2882 32511
2883 32545
2884 27539
2885 4264
2886 3933
2887 468
2888 30045
2889 13799
2890 28425
2891 11987
2892 23445
2893 18396
2894 18066
2895 28228
2896 92
2897 4214
2898 10038
2899 32573
2900 3587
2901 6672
2902 5625
2903 9860
2904 31427
2905 29777
2906 19700
2907 15001
2908 29871
2909 16464
2910 9968
2911 12534
2912 18918
2913 18428
2914 26931
2915 4245
2916 8461
2917 9404
2918 24474
2919 28083
2920 5629
2921 14674
2922 32488
2923 21204
2924 3768
2925 773
2926 350
2927 15111
2928 23714
2929 1535
2930 12684
2931 363
2932 32238
2933 22772
2934 22374
2935 27122
2936 4950
2937 5124
2938 31642
2939 10085
2940 24079
2941 9955
2942 29985
2943 680
2944 23036
2945 23095
2946 29972
2947 1856
2948 18466
2949 65
2950 1218
2951 22802
2952 15708
2953 6336
2954 10751
2955 5997
2956 2383
2957 27666
2958 9663
2959 29003
2960 2465
2961 24989
2962 227
2963 20180
2964 15718
2965 5485
2966 23378
2967 13348
2968 11483
2969 28958
2970 12620
2971 16718
2972 31063
2973 19453
2974 2811
2975 29601
2976 10622
2977 22122
2978 19019
2979 3114
2980 1464
2981 21633
2982 2812
2983 16249
2984 6370
2985 27641
2986 18678
2987 4776
2988 10563
2989 2379
2990 16604
2991 2458
2992 15809
2993 8215
2994 16099
2995 2689
2996 852
2997 19140
2998 20453
2999 6819
3000 9916
3001 3432
3002 2225
3003 22621
3004 30319
3005 16359
3006 22438
3007 22120
3008 24790
3009 25438
3010 5248
3011 15451
3012 8888
3013 26306
3014 17009
3015 20593
3016 14839
3017 7876
3018 14452
3019 20109
3020 28794
3021 29944
3022 9182
3023 12411
3024 4970
3025 4663
3026 6453
3027 19321
3028 10913
3029 2114
3030 10054
3031 26358
3032 17503
3033 16039
3034 8306
3035 12441
3036 10559
3037 9961
3038 3657
3039 12677
3040 3178
3041 31707
3042 858
3043 10460
3044 3083
3045 4173
3046 16200
3047 28545
3048 5635
3049 28906
3050 22817
3051 18723
3052 1245
3053 23905
3054 25580
3055 18039
3056 2308
3057 23747
3058 16769
3059 7364
3060 12851
3061 28972
3062 6046
3063 5797
3064 11566
3065 11942
3066 6966
3067 523
3068 2480
3069 14666
3070 9740
3071 16257
3072 7332
3073 28329
3074 19073
3075 22196
3076 21143
3077 15978
3078 22954
3079 13362
3080 1646
3081 30260
3082 4006
3083 29810
3084 12372
3085 1230
3086 23087
3087 24597
3088 247
3089 30852
3090 28014
3091 32107
3092 15604
3093 15565
3094 6932
3095 23353
3096 27791
3097 23340
3098 8102
3099 30905
3100 13224
3101 17236
3102 23064
3103 28387
3104 26091
3105 24207
3106 8606
3107 16107
3108 11078
3109 29280
3110 11711
3111 27147
3112 18592
3113 5735
3114 17579
3115 13954
3116 24776
3117 16774
3118 9166
3119 17885
3120 16811
3121 12866
3122 22181
3123 24693
3124 4555
3125 13932
3126 28625
3127 6713
3128 29164
3129 5632
3130 22634
3131 13485
3132 26384
3133 9549
3134 10645
3135 25139
3136 8358
3137 16982
3138 17497
3139 20106
3140 28415
3141 16761
3142 7086
3143 4244
3144 32257
3145 3406
3146 25815
3147 26972
3148 10271
3149 32210
3150 8690
3151 29783
3152 30089
3153 10949
3154 15054
3155 11498
3156 7071
3157 15696
3158 6140
3159 27949
3160 4268
3161 1259
3162 29737
3163 18927
3164 2001
3165 21374
3166 22443
3167 28666
3168 26943
3169 25798
3170 29273
3171 26263
3172 6825
3173 21755
3174 18336
3175 23381
3176 11258
3177 27312
3178 24787
3179 23303
3180 15427
3181 14330
3182 31171
3183 7180
3184 10999
3185 22228
3186 23440
3187 15827
3188 26970
3189 17602
3190 22974
3191 8605
3192 55
3193 8629
3194 9611
3195 16517
3196 7633
3197 22063
3198 27520
3199 8894
3200 16413
3201 25767
3202 28487
3203 23581
3204 20270
3205 27183
3206 6588
3207 12759
3208 15345
3209 4692
3210 11590
3211 19851
3212 30490
3213 582
3214 5224
3215 8579
3216 21598
3217 32569
3218 32403
3219 25143
3220 11747
3221 21514
3222 16191
3223 14610
3224 23541
3225 14886
3226 9018
3227 5241
3228 21754
3229 18856
3230 12351
3231 14602
3232 2472
3233 13505
3234 714
3235 30753
3236 20853
3237 21085
3238 15915
3239 12193
3240 31567
3241 15363
3242 17113
3243 30449
3244 22158
3245 765
3246 7946
3247 7492
3248 18471
3249 16570
3250 28032
3251 23838
3252 16418
3253 1648
3254 5798
3255 26900
3256 9038
3257 28677
3258 10203
3259 13779
3260 32051
3261 24112
3262 13582
3263 9571
3264 3656
3265 7132
3266 30859
3267 30637
3268 2662
3269 29389
3270 9492
3271 9275
3272 7037
3273 29573
3274 7732
3275 320
3276 31878
3277 29801
3278 2768
3279 23512
3280 16568
3281 3104
3282 30207
3283 26000
3284 6911
3285 2876
3286 29212
3287 6953
3288 14762
3289 14620
3290 29209
3291 2201
3292 2659
3293 22544
3294 19733
3295 3667
3296 31333
3297 13503
3298 8241
3299 3016
3300 1769
3301 17606
3302 672
3303 4910
3304 12769
3305 6306
3306 16382
3307 2688
3308 12009
3309 9424
3310 3299
3311 24006
3312 23675
3313 9778
3314 27063
3315 9878
3316 23906
3317 9653
3318 10184
3319 27867
3320 26225
3321 24369
3322 17561
3323 25813
3324 5236
3325 3985
3326 3966
3327 20065
3328 24167
3329 28211
3330 19813
3331 22907
3332 30694
3333 21906
3334 20215
3335 13313
3336 14309
3337 24354
3338 11488
3339 9401
3340 22433
3341 30331
3342 7786
3343 22422
3344 7638
3345 10170
3346 7761
3347 16183
3348 18995
3349 11556
3350 20947
3351 12209
3352 21771
3353 13
3354 26118
3355 5774
3356 22349
3357 28921
3358 22382
3359 29718
3360 11958
3361 2816
3362 22479
3363 31181
3364 12869
3365 18039
3366 17984
3367 29244
3368 2800
3369 20172
3370 28033
3371 22004
3372 1173
3373 24498
3374 31886
3375 12753
3376 27443
3377 32126
3378 28020
3379 17020
3380 18522
3381 3281
3382 20068
3383 26931
3384 5344
3385 3448
3386 8454
3387 24013
3388 13014
3389 31888
3390 17423
3391 16888
3392 17338
3393 8686
3394 6934
3395 31174
3396 12014
3397 19646
3398 26788
3399 28008
3400 27753
3401 17257
3402 3722
3403 6201
3404 26541
3405 27325
3406 10359
3407 2302
3408 3833
3409 26696
3410 13513
3411 14187
3412 25279
3413 17412
3414 16292
3415 21226
3416 6488
3417 19770
3418 17473
3419 28313
3420 10999
3421 18080
3422 14473
3423 11921
3424 23004
3425 7620
3426 30435
3427 23150
3428 2762
3429 12718
3430 31306
3431 30988
3432 442
3433 27841
3434 8354
3435 22926
3436 22225
3437 13795
3438 26444
3439 11685
3440 14224
3441 31966
3442 22008
3443 6415
3444 18507
3445 26117
3446 3002
3447 23133
3448 14812
3449 22810
3450 8801
3451 28922
3452 26520
3453 30575
3454 23556
3455 25705
3456 4482
3457 15692
3458 20189
3459 4302
3460 1727
3461 21137
3462 858
3463 7344
3464 21578
3465 20124
3466 14450
3467 31741
3468 19433
3469 29549
3470 16950
3471 9294
3472 30560
3473 9224
3474 13992
3475 22125
3476 19428
3477 6683
3478 23759
3479 8469
3480 12754
3481 7905
3482 4619
3483 248
3484 13473
3485 19270
3486 6567
3487 16902
3488 28438
3489 4940
3490 2733
3491 1517
3492 1974
3493 8365
3494 20478
3495 5084
3496 20865
3497 16578
3498 28321
3499 21901
3500 25821
3501 27043
3502 1628
3503 9602
3504 17617
3505 6800
3506 16513
3507 21135
3508 25715
3509 7056
3510 8459
3511 31896
3512 8356
3513 24663
3514 28137
3515 11932
3516 506
3517 4717
3518 8346
3519 23026
3520 23294
3521 1677
3522 5626
3523 5843
3524 5784
3525 8524
3526 28764
3527 19993
3528 19143
3529 28411
3530 24536
3531 12358
3532 25493
3533 29389
3534 17639
3535 7624
3536 31307
3537 28989
3538 24877
3539 25724
3540 11489
3541 14762
3542 2709
3543 30320
3544 2488
3545 13124
3546 5283
3547 32237
3548 25484
3549 12588
3550 25606
3551 29365
3552 8612
3553 20951
3554 24685
3555 5257
3556 24651
3557 28084
3558 14492
3559 28398
3560 30084
3561 22798
3562 11455
3563 18993
3564 11770
3565 32051
3566 21246
3567 11689
3568 22070
3569 3286
3570 2641
3571 22332
3572 25620
3573 22450
3574 3990
3575 19492
3576 21624
3577 368
3578 26849
3579 26355
3580 4413
3581 8139
3582 6931
3583 1749
3584 29550
3585 1010
3586 23982
3587 17430
3588 13753
3589 13101
3590 16615
3591 19940
3592 27424
3593 21188
3594 31229
3595 21845
3596 19954
3597 2845
3598 18890
3599 10668
3600 31482
3601 9764
3602 12696
3603 27096
3604 27894
3605 27887
3606 27189
3607 28477
3608 19531
3609 2211
3610 20810
3611 21943
3612 26358
3613 27281
3614 16616
3615 17628
3616 25798
3617 32677
3618 1380
3619 24194
3620 3016
3621 13057
3622 25957
3623 30338
3624 10499
3625 997
3626 28731
3627 30651
3628 29030
3629 13010
3630 1650
3631 6745
3632 28415
3633 18927
3634 20647
3635 20311
3636 20078
3637 1195
3638 6299
3639 1346
3640 8344
3641 23204
3642 14470
3643 10816
3644 25760
3645 12744
3646 5294
3647 3922
3648 28179
3649 31673
3650 21303
3651 4310
3652 31586
3653 17014
3654 17981
3655 10320
3656 4246
3657 26681
3658 15392
3659 19305
3660 27199
3661 7835
3662 10783
3663 15416
3664 7341
3665 22782
3666 25897
3667 11969
3668 13155
3669 15916
3670 23791
3671 26555
3672 25801
3673 23868
3674 3390
3675 14487
3676 11809
3677 10678
3678 6540
3679 31933
3680 27580
3681 759
3682 18129
3683 31769
3684 16750
3685 19158
3686 18328
3687 22230
3688 26431
3689 20359
3690 3669
3691 24169
3692 11875
3693 3264
3694 6649
3695 32722
3696 21101
3697 2075
3698 28868
3699 8990
3700 27327
3701 19644
3702 15706
3703 9265
3704 4165
3705 18995
3706 16922
3707 18626
3708 2915
3709 6819
3710 5803
3711 22439
3712 7723
3713 29732
3714 25559
3715 13651
3716 16084
3717 18791
3718 4509
3719 10653
3720 22119
3721 23961
3722 7041
3723 12995
3724 22460
3725 20361
3726 32551
3727 2478
3728 17061
3729 24588
3730 31008
3731 15223
3732 26473
3733 30625
3734 1028
3735 31787
3736 32372
3737 12113
3738 19905
3739 5835
3740 26700
3741 24793
3742 5938
3743 7831
3744 10695
3745 523
3746 12788
3747 17804
3748 30844
3749 20338
3750 4213
3751 31788
3752 27511
3753 2613
3754 7245
3755 15997
3756 9265
3757 19773
3758 18130
3759 12884
3760 959
3761 15770
3762 2022
3763 31443
3764 16457
3765 6691
3766 16148
3767 25905
3768 28350
3769 28253
3770 10972
3771 21177
3772 21702
3773 27807
3774 27210
3775 1046
3776 5880
3777 13171
3778 15566
3779 10701
3780 5966
3781 574
3782 29767
3783 24075
3784 6101
3785 8484
3786 19809
3787 27553
3788 30121
3789 38
3790 8737
3791 1613
3792 4129
3793 20877
3794 10942
3795 22587
3796 12359
3797 9100
3798 16563
3799 2251
3800 1163
3801 15649
3802 22546
3803 8341
3804 1208
3805 16956
3806 8987
3807 28331
3808 21030
3809 25379
3810 5133
3811 21277
3812 26674
3813 6933
3814 12604
3815 4803
3816 12523
3817 16941
3818 28516
3819 6198
3820 21006
3821 30346
3822 1597
3823 17952
3824 17973
3825 8365
3826 29519
3827 16054
3828 5707
3829 5922
3830 7944
3831 17538
3832 18243
3833 9571
3834 22540
3835 6246
3836 20489
3837 31225
3838 6348
3839 30942
3840 11193
3841 16356
3842 19290
3843 9861
3844 23568
3845 26429
3846 32636
3847 4571
3848 28704
3849 24858
3850 18175
3851 5701
3852 25415
3853 21170
3854 11341
3855 26197
3856 26721
3857 962
3858 30530
3859 3404
3860 30013
3861 3119
3862 13372
3863 10717
3864 8782
3865 1260
3866 12657
3867 17972
3868 12963
3869 16414
3870 26246
3871 28983
3872 22553
3873 19582
3874 31325
3875 32012
3876 2000
3877 18431
3878 23342
3879 1755
3880 29403
3881 17842
3882 7385
3883 11221
3884 30524
3885 19174
3886 4474
3887 3957
3888 7439
3889 10131
3890 20542
3891 5893
3892 29701
3893 11769
3894 7798
3895 32357
3896 25876
3897 3460
3898 28394
3899 10760
3900 19565
3901 21747
3902 27504
3903 23103
3904 28591
3905 24505
3906 15549
3907 9146
3908 9306
3909 12963
3910 1146
3911 20811
3912 14982
3913 3004
3914 15771
3915 4846
3916 32725
3917 10606
3918 30444
3919 7687
3920 28326
3921 3305
3922 7148
3923 8938
3924 23947
3925 15305
3926 16351
3927 15264
3928 17150
3929 17650
3930 7967
3931 14313
3932 24911
3933 3263
3934 19123
3935 27261
3936 28385
3937 9309
3938 12834
3939 23447
3940 3734
3941 12401
3942 32649
3943 1204
3944 11400
3945 8961
3946 31212
3947 31128
3948 4858
3949 19601
3950 25034
3951 8851
3952 19342
3953 2188
3954 31732
3955 27650
3956 8376
3957 2278
3958 16031
3959 3864
3960 21362
3961 1280
3962 21687
3963 22495
3964 22833
3965 20428
3966 27510
3967 3193
3968 13848
3969 6449
3970 32310
3971 22956
3972 18284
3973 24241
3974 5251
3975 26782
3976 4681
3977 20297
3978 9845
3979 476
3980 27283
3981 9880
3982 6972
3983 24993
3984 1582
3985 17220
3986 5629
3987 8534
3988 20594
3989 31898
3990 1245
3991 23125
3992 4569
3993 31604
3994 9819
3995 26098
3996 16379
3997 6752
3998 30946
3999 24252
4000 2493
4001 4350
4002 18590
4003 18176
4004 29637
4005 28330
4006 20368
4007 30863
4008 6449
4009 10331
4010 7133
4011 16833
4012 25736
4013 15819
4014 12396
4015 21434
4016 21744
4017 14809
4018 5039
4019 26092
4020 9122
4021 4651
4022 16577
4023 13021
4024 23964
4025 10775
4026 11954
4027 12843
4028 17813
4029 31940
4030 25119
4031 13261
4032 4662
4033 12940
4034 15621
4035 16539
4036 23687
4037 9637
4038 214
4039 25617
4040 21160
4041 6657
4042 14029
4043 17232
4044 705
4045 11378
4046 29311
4047 9573
4048 21051
4049 15634
4050 8884
4051 20686
4052 30001
4053 22754
4054 25716
4055 25146
4056 31265
4057 26289
4058 3173
4059 145
4060 15848
4061 6976
4062 23124
4063 4660
4064 23533
4065 30883
4066 2833
4067 22406
4068 28316
4069 23786
4070 15488
4071 3755
4072 13334
4073 25601
4074 22509
4075 1168
4076 27430
4077 8405
4078 30368
4079 14123
4080 31864
4081 29112
4082 29873
4083 27908
4084 17413
4085 29703
4086 9758
4087 26100
4088 3794
4089 23306
4090 25115
4091 2348
4092 8410
4093 11803
4094 22697
4095 13434
4096 22344
4097 12811
4098 26218
4099 4296
4100 15082
4101 449
4102 23220
4103 4070
4104 5859
4105 6692
4106 25572
4107 30601
4108 26528
4109 23868
4110 5621
4111 7571
4112 13837
4113 20627
4114 16209
4115 14740
4116 13064
4117 6882
4118 32742
4119 28561
4120 10006
4121 1257
4122 22141
4123 30725
4124 2644
4125 415
4126 6215
4127 2342
4128 22705
4129 395
4130 1721
4131 25961
4132 30299
4133 5490
4134 30618
4135 13128
4136 14455
4137 9266
4138 17243
4139 579
4140 26133
4141 14318
4142 28070
4143 8485
4144 17763
4145 9835
4146 15417
4147 10632
4148 2336
4149 6330
4150 12277
4151 25755
4152 12884
4153 13848
4154 5170
4155 27939
4156 14911
4157 30226
4158 6230
4159 12992
4160 6287
4161 24045
4162 10150
4163 17010
4164 31190
4165 11588
4166 29532
4167 30811
4168 14906
4169 15859
4170 25337
4171 32455
4172 30831
4173 6964
4174 24284
4175 15977
4176 21730
4177 5128
4178 10516
4179 9191
4180 12599
4181 19673
4182 14451
4183 24218
4184 1014
4185 5213
4186 18915
4187 31887
4188 5249
4189 32701
4190 7165
4191 2001
4192 13130
4193 4599
4194 2264
4195 2282
4196 16962
4197 29313
4198 29215
4199 4775
4200 8597
4201 30511
4202 13159
4203 15132
4204 21652
4205 1366
4206 3775
4207 9704
4208 29426
4209 3634
4210 18312
4211 954
4212 14900
4213 10885
4214 24455
4215 11028
4216 21347
4217 6529
4218 10808
4219 11855
4220 8452
4221 9960
4222 10853
4223 4832
4224 10570
4225 15474
4226 28152
4227 3545
4228 28809
4229 8815
4230 23566
4231 27059
4232 22510
4233 13229
4234 10572
4235 31050
4236 21614
4237 2204
4238 26230
4239 15401
4240 4604
4241 23984
4242 23869
4243 6152
4244 22271
4245 14599
4246 12121
4247 19347
4248 15363
4249 4940
4250 27608
4251 32365
4252 2990
4253 2011
4254 3766
4255 4725
4256 24310
4257 20517
4258 7853
4259 6728
4260 18834
4261 3670
4262 23886
4263 6407
4264 10926
4265 11062
4266 15697
4267 28506
4268 30179
4269 19277
4270 4906
4271 6580
4272 2150
4273 8011
4274 13277
4275 9177
4276 24192
4277 5031
4278 30226
4279 30110
4280 15678
4281 9093
4282 18796
4283 23792
4284 9321
4285 21213
4286 22551
4287 31000
4288 7352
4289 5082
4290 26272
4291 27453
4292 13893
4293 7040
4294 26122
4295 28715
4296 19262
4297 27026
4298 27678
4299 18259
4300 23261
4301 1971
4302 1538
4303 2834
4304 4250
4305 17355
4306 6413
4307 24118
4308 19359
4309 27052
4310 17882
4311 4798
4312 14972
4313 16374
4314 411
4315 11745
4316 24348
4317 19511
4318 22960
4319 27986
4320 3831
4321 8791
4322 5497
4323 12739
4324 17290
4325 17204
4326 10856
4327 29352
4328 20228
4329 20105
4330 13914
4331 7997
4332 18755
4333 3092
4334 29735
4335 4298
4336 18686
4337 4088
4338 24183
4339 29221
4340 15684
4341 32352
4342 29912
4343 16505
4344 31525
4345 12901
4346 22286
4347 18759
4348 21423
4349 19506
4350 10922
4351 18858
4352 17948
4353 27237
4354 32479
4355 4831
4356 8777
4357 4793
4358 8848
4359 22532
4360 12138
4361 3554
4362 8365
4363 2336
4364 11005
4365 15033
4366 22208
4367 24420
4368 13308
4369 7321
4370 22979
4371 32433
4372 30295
4373 10505
4374 7477
4375 20570
4376 10913
4377 6299
4378 4205
4379 31530
4380 15881
4381 16148
4382 9773
4383 7337
4384 13965
4385 11980
4386 31354
4387 10139
4388 10090
4389 11096
4390 2731
4391 3018
4392 18903
4393 12135
4394 13249
4395 2821
4396 3570
4397 2538
4398 27382
4399 24425
4400 14331
4401 22136
4402 25753
4403 5855
4404 24000
4405 21744
4406 7448
4407 18406
4408 22616
4409 25696
4410 30815
4411 915
4412 32276
4413 9509
4414 27488
4415 10453
4416 14515
4417 1620
4418 25587
4419 31998
4420 19413
4421 16985
4422 25313
4423 11647
4424 24499
4425 3806
4426 31803
4427 7923
4428 9228
4429 1007
4430 12785
4431 11616
4432 8035
4433 32347
4434 23711
4435 16825
4436 32359
4437 349
4438 5802
4439 24743
4440 30643
4441 23419
4442 23948
4443 5768
4444 6071
4445 4783
4446 23916
4447 25785
4448 2294
4449 23493
4450 6898
4451 5136
4452 11379
4453 8452
4454 28505
4455 4269
4456 5733
4457 23568
4458 2758
4459 13043
4460 17202
4461 18191
4462 28888
4463 6609
4464 6299
4465 10507
4466 9088
4467 31302
4468 1844
4469 16791
4470 28691
4471 2084
4472 24600
4473 6070
4474 4765
4475 23572
4476 13018
4477 12280
4478 9081
4479 31450
4480 18367
4481 28134
4482 798
4483 25050
4484 2602
4485 9376
4486 14396
4487 15579
4488 30551
4489 6853
4490 29704
4491 10508
4492 25932
4493 1427
4494 12499
4495 10564
4496 13837
4497 16208
4498 7906
4499 12174
4500 19216
4501 15592
4502 21370
4503 24549
4504 19696
4505 1751
4506 28218
4507 28732
4508 7013
4509 14665
4510 10414
4511 18882
4512 31092
4513 20352
4514 1056
4515 20323
4516 18915
4517 15991
4518 2481
4519 28050
4520 28656
4521 8901
4522 20649
4523 22342
4524 10307
4525 1475
4526 16140
4527 5186
4528 28192
4529 32241
4530 14446
4531 17562
4532 16609
4533 11926
4534 12039
4535 15731
4536 23972
4537 27303
4538 19210
4539 25354
4540 16705
4541 32490
4542 7219
4543 25592
4544 1663
4545 26459
4546 2463
4547 14772
4548 29831
4549 29647
4550 29665
4551 4697
4552 20888
4553 8151
4554 15698
4555 1961
4556 19965
4557 8679
4558 11432
4559 18258
4560 6972
4561 30136
4562 24011
4563 4209
4564 913
4565 26090
4566 13540
4567 10837
4568 5530
4569 22766
4570 1974
4571 14469
4572 14420
4573 25891
4574 28977
4575 4100
4576 15174
4577 28735
4578 836
4579 29139
4580 14076
4581 24049
4582 19188
4583 20152
4584 20919
4585 4549
4586 23211
4587 30782
4588 15459
4589 18503
4590 20178
4591 25341
4592 31689
4593 2923
4594 161
4595 24091
4596 20998
4597 17964
4598 23350
4599 25619
4600 23612
4601 15220
4602 1765
4603 26805
4604 14471
4605 25660
4606 24272
4607 18543
4608 18483
4609 30964
4610 25783
4611 15562
4612 25132
4613 10789
4614 10001
4615 31287
4616 2485
4617 19541
4618 19803
4619 23308
4620 32093
4621 31531
4622 16048
4623 15306
4624 12847
4625 30675
4626 5786
4627 27809
4628 3882
4629 18084
4630 23592
4631 23606
4632 31985
4633 20480
4634 12096
4635 24483
4636 7619
4637 2172
4638 24631
4639 15295
4640 16812
4641 25665
4642 9631
4643 21409
4644 27389
4645 6579
4646 25696
4647 8287
4648 30459
4649 30544
4650 15883
4651 22043
4652 16084
4653 20698
4654 22890
4655 23105
4656 17623
4657 18360
4658 6492
4659 28426
4660 16867
4661 29338
4662 13791
4663 14405
4664 10016
4665 10332
4666 27503
4667 32086
4668 26606
4669 29229
4670 13455
4671 19583
4672 8219
4673 26864
4674 16805
4675 25438
4676 27225
4677 482
4678 8970
4679 183
4680 31471
4681 3709
4682 22882
4683 884
4684 21166
4685 29597
4686 16425
4687 31466
4688 7719
4689 23522
4690 1679
4691 3166
4692 5403
4693 26965
4694 10886
4695 20936
4696 28211
4697 10830
4698 10777
4699 5590
4700 15089
4701 21909
4702 24319
4703 4404
4704 16359
4705 4551
4706 14448
4707 3339
4708 7463
4709 19451
4710 18231
4711 3784
4712 23290
4713 24998
4714 20489
4715 28958
4716 11989
4717 8636
4718 22549
4719 3662
4720 3208
4721 26904
4722 24540
4723 24486
4724 22457
4725 24094
4726 16451
4727 13895
4728 18833
4729 3999
4730 24038
4731 28972
4732 24245
4733 31484
4734 9904
4735 21608
4736 24952
4737 15759
4738 3497
4739 26031
4740 25679
4741 30022
4742 30990
4743 29208
4744 16517
4745 5265
4746 22183
4747 8481
4748 27951
4749 11647
4750 19029
4751 14580
4752 16995
4753 30756
4754 10987
4755 30697
4756 31909
4757 6205
4758 16702
4759 10059
4760 5282
4761 26135
4762 32128
4763 19295
4764 16161
4765 16044
4766 5833
4767 5282
4768 10550
4769 7951
4770 18679
4771 30291
4772 17592
4773 3851
4774 9400
4775 1585
4776 14582
4777 7943
4778 9701
4779 2438
4780 19366
4781 32045
4782 1042
4783 21348
4784 22046
4785 26060
4786 29027
4787 22575
4788 6855
4789 29434
4790 15265
4791 6747
4792 3790
4793 3965
4794 908
4795 21623
4796 27676
4797 4332
4798 32371
4799 1131
4800 8073
4801 15633
4802 30211
4803 15358
4804 26444
4805 16018
4806 31325
4807 23195
4808 13750
4809 19664
4810 31339
4811 5204
4812 11297
4813 2832
4814 13939
4815 27175
4816 16931
4817 25305
4818 16620
4819 30592
4820 27911
4821 23964
4822 401
4823 14592
4824 23421
4825 16795
4826 28341
4827 12413
4828 6544
4829 30211
4830 28886
4831 2634
4832 12505
4833 29275
4834 9332
4835 10168
4836 6386
4837 15650
4838 28195
4839 13020
4840 3118
4841 15796
4842 5344
4843 8083
4844 5255
4845 25966
4846 22177
4847 15812
4848 25816
4849 29714
4850 11056
4851 16613
4852 21069
4853 23405
4854 10552
4855 24769
4856 535
4857 1591
4858 16800
4859 30584
4860 8036
4861 1594
4862 17689
4863 16583
4864 11662
4865 28087
4866 26611
4867 7817
4868 19090
4869 22533
4870 14389
4871 1662
4872 30149
4873 25979
4874 14828
4875 32076
4876 11970
4877 11920
4878 7619
4879 17091
4880 167
4881 29249
4882 17876
4883 4965
4884 19841
4885 947
4886 3262
4887 8998
4888 28164
4889 15130
4890 760
4891 13680
4892 31104
4893 28121
4894 5733
4895 30314
4896 18960
4897 12779
4898 22568
4899 31098
4900 4373
4901 28801
4902 21689
4903 265
4904 4066
4905 3052
4906 12856
4907 29574
4908 18617
4909 7358
4910 2306
4911 8621
4912 15351
4913 2604
4914 10883
4915 16905
4916 1419
4917 439
4918 19019
4919 17847
4920 28332
4921 4620
4922 15715
4923 27246
4924 18380
4925 27944
4926 17377
4927 11708
4928 7879
4929 5567
4930 4282
4931 1426
4932 9569
4933 31711
4934 984
4935 515
4936 23535
4937 19665
4938 19052
4939 15433
4940 21588
4941 31296
4942 22918
4943 14089
4944 8495
4945 15516
4946 30435
4947 5080
4948 17747
4949 5313
4950 17413
4951 16893
4952 14200
4953 4308
4954 32649
4955 2680
4956 20016
4957 22638
4958 28854
4959 7492
4960 10268
4961 17405
4962 12626
4963 986
4964 25695
4965 871
4966 18873
4967 7414
4968 16211
4969 6128
4970 21296
4971 1437
4972 26491
4973 9565
4974 5238
4975 4959
4976 7865
4977 24153
4978 19612
4979 17370
4980 31681
4981 4121
4982 8215
4983 17791
4984 24526
4985 4412
4986 23572
4987 32153
4988 29844
4989 6133
4990 1035
4991 12170
4992 18037
4993 15211
4994 23959
4995 10584
4996 20215
4997 9312
4998 28293
4999 6505
5000 886
5001 12561
5002 8490
5003 29067
5004 15382
5005 4190
5006 762
5007 31544
5008 1788
5009 6187
5010 20823
5011 279
5012 15294
5013 23302
5014 18599
5015 12741
5016 25367
5017 16650
5018 27049
5019 8150
5020 18144
5021 10243
5022 10505
5023 791
5024 15931
5025 20179
5026 15666
5027 7958
5028 2578
5029 4116
5030 32355
5031 29413
5032 21952
5033 12286
5034 3333
5035 5658
5036 12301
5037 16779
5038 12860
5039 26394
5040 4192
5041 26330
5042 11964
5043 28312
5044 15408
5045 28881
5046 27614
5047 7256
5048 8380
5049 8711
5050 17138
5051 16697
5052 29948
5053 6369
5054 20183
5055 27250
5056 14295
5057 9467
5058 31690
5059 540
5060 24214
5061 3017
5062 18812
5063 22769
5064 18329
5065 126
5066 29543
5067 32083
5068 17736
5069 21292
5070 29537
5071 912
5072 21837
5073 6957
5074 4722
5075 9060
5076 22529
5077 24771
5078 31715
5079 20159
5080 23587
5081 2555
5082 1687
5083 9673
5084 21200
5085 3799
5086 10399
5087 27683
5088 16303
5089 14507
5090 18696
5091 25456
5092 14701
5093 28872
5094 25591
5095 12053
5096 20073
5097 25176
5098 13561
5099 9532
5100 8624
5101 29577
5102 23444
5103 12575
5104 21547
5105 23022
5106 11810
5107 10883
5108 3607
5109 20002
5110 11999
5111 18050
5112 15542
5113 8878
5114 22336
5115 1422
5116 22596
5117 16940
5118 11654
5119 17075
5120 17965
5121 22701
5122 22676
5123 18460
5124 11133
5125 11353
5126 9725
5127 3289
5128 17304
5129 26965
5130 13922
5131 32736
5132 3883
5133 25834
5134 17403
5135 1105
5136 28514
5137 7139
5138 14195
5139 766
5140 348
5141 28726
5142 32505
5143 13610
5144 19932
5145 27111
5146 23444
5147 3217
5148 8513
5149 32554
5150 6326
5151 23721
5152 8120
5153 10184
5154 25109
5155 10536
5156 27056
5157 16323
5158 11190
5159 15814
5160 25742
5161 32061
5162 24650
5163 29508
5164 31650
5165 32150
5166 18878
5167 17837
5168 27994
5169 11733
5170 26638
5171 8156
5172 30902
5173 4681
5174 10842
5175 62
5176 32508
5177 12656
5178 15931
5179 23257
5180 28077
5181 9751
5182 26967
5183 23693
5184 1207
5185 7363
5186 8499
5187 29594
5188 19692
5189 16464
5190 21833
5191 16739
5192 21171
5193 23000
5194 8027
5195 22898
5196 30974
5197 10198
5198 19974
5199 29115
5200 30844
5201 12427
5202 32154
5203 26661
5204 24335
5205 5025
5206 13097
5207 16710
5208 9088
5209 7951
5210 11742
5211 1134
5212 8562
5213 11068
5214 25232
5215 6376
5216 4500
5217 615
5218 21911
5219 2172
5220 21019
5221 22342
5222 18143
5223 19256
5224 4976
5225 3821
5226 25659
5227 113
5228 15653
5229 25074
5230 30203
5231 14596
5232 7982
5233 6351
5234 14784
5235 14049
5236 17230
5237 26503
5238 24463
5239 17867
5240 29391
5241 11405
5242 23845
5243 4441
5244 17526
5245 5857
5246 2954
5247 7233
5248 18102
5249 30588
5250 17129
5251 15573
5252 6692
5253 16878
5254 26783
5255 17102
5256 4139
5257 70
5258 9106
5259 10825
5260 8705
5261 15922
5262 10948
5263 15
5264 21465
5265 12135
5266 25128
5267 23321
5268 22619
5269 5443
5270 14772
5271 3924
5272 2129
5273 10161
5274 695
5275 32161
5276 675
5277 1358
5278 12141
5279 9504
5280 2181
5281 28362
5282 12496
5283 22958
5284 27119
5285 20880
5286 26290
5287 17324
5288 5709
5289 26025
5290 22025
5291 3331
5292 9593
5293 25309
5294 6538
5295 24420
5296 27878
5297 4380
5298 16505
5299 6101
5300 29982
5301 14365
5302 4031
5303 21353
5304 25454
5305 12869
5306 22845
5307 14670
5308 11231
5309 9930
5310 23904
5311 9741
5312 8041
5313 12056
5314 27381
5315 7182
5316 10852
5317 27508
5318 12607
5319 7515
5320 22335
5321 19167
5322 30791
5323 21157
5324 26996
5325 2621
5326 13172
5327 9100
5328 9403
5329 11958
5330 8795
5331 9243
5332 5247
5333 32605
5334 29656
5335 31634
5336 26510
5337 16911
5338 8030
5339 10345
5340 13332
5341 16286
5342 26763
5343 17809
5344 14282
5345 21295
5346 16640
5347 13565
5348 26731
5349 2273
5350 31855
5351 21345
5352 26728
5353 4016
5354 2805
5355 6458
5356 13276
5357 664
5358 11691
5359 19726
5360 6594
5361 19709
5362 22904
5363 10997
5364 21862
5365 11850
5366 15401
5367 9560
5368 23577
5369 8409
5370 6083
5371 8953
5372 13097
5373 10259
5374 26647
5375 24115
5376 25104
5377 18904
5378 1688
5379 18820
5380 21740
5381 14113
5382 16490
5383 7496
5384 17199
5385 26595
5386 4795
5387 29383
5388 28312
5389 11831
5390 342
5391 4210
5392 20066
5393 1209
5394 15221
5395 19306
5396 31419
5397 7213
5398 727
5399 8770
5400 27767
5401 27753
5402 2323
5403 29958
5404 25862
5405 19567
5406 14124
5407 32380
5408 4771
5409 21977
5410 4965
5411 29353
5412 17615
5413 6010
5414 14679
5415 26263
5416 17662
5417 23362
5418 6208
5419 25942
5420 10128
5421 866
5422 27550
5423 22081
5424 10498
5425 17073
5426 8701
5427 6274
5428 27494
5429 13390
5430 9741
5431 30681
5432 10256
5433 5767
5434 15863
5435 24217
5436 10643
5437 11514
5438 29937
5439 26867
5440 8684
5441 3578
5442 17169
5443 15734
5444 12540
5445 24373
5446 26462
5447 20183
5448 12092
5449 17811
5450 10285
5451 27374
5452 4268
5453 3169
5454 28075
5455 15106
5456 29708
5457 18350
5458 27318
5459 6470
5460 12879
5461 30197
5462 18417
5463 24483
5464 589
5465 25853
5466 1303
5467 5048
5468 1208
5469 24062
5470 1167
5471 5152
5472 19537
5473 23813
5474 30017
5475 10995
5476 13915
5477 22425
5478 3753
5479 10639
5480 10064
5481 22175
5482 21289
5483 29080
5484 32724
5485 26491
5486 19620
5487 3901
5488 24039
5489 10360
5490 30536
5491 18621
5492 32350
5493 29802
5494 20139
5495 18218
5496 21140
5497 29074
5498 12570
5499 15470
5500 7773
5501 1985
5502 3374
5503 10891
5504 12859
5505 448
5506 3487
5507 12327
5508 5589
5509 24048
5510 14173
5511 32327
5512 13988
5513 4654
5514 11741
5515 23387
5516 28400
5517 18169
5518 4529
5519 22395
5520 30971
5521 19927
5522 11612
5523 5616
5524 8828
5525 22260
5526 25700
5527 20470
5528 21582
5529 10765
5530 6313
5531 29888
5532 17002
5533 26252
5534 31220
5535 2749
5536 22547
5537 3829
5538 29651
5539 13850
5540 13392
5541 25472
5542 11685
5543 2184
5544 19103
5545 20488
5546 20721
5547 32319
5548 31720
5549 28963
5550 2556
5551 19522
5552 15280
5553 29843
5554 30362
5555 25573
5556 5519
5557 22749
5558 30532
5559 20365
5560 9956
5561 20535
5562 5739
5563 19640
5564 24775
5565 19111
5566 31244
5567 18237
5568 9791
5569 27498
5570 4997
5571 6612
5572 6837
5573 28051
5574 423
5575 14296
5576 13481
5577 15348
5578 22796
5579 9292
5580 26788
5581 16449
5582 18090
5583 23069
5584 110
5585 11635
5586 16553
5587 2470
5588 29312
5589 18795
5590 14706
5591 20345
5592 19900
5593 31192
5594 2313
5595 18525
5596 3420
5597 6234
5598 156
5599 9875
5600 26921
5601 20968
5602 23644
5603 11358
5604 30189
5605 5487
5606 1931
5607 12226
5608 10794
5609 21947
5610 26326
5611 2955
5612 6924
5613 8859
5614 7398
5615 8593
5616 1437
5617 23872
5618 32050
5619 21051
5620 30776
5621 3047
5622 8471
5623 3394
5624 12352
5625 4280
5626 21290
5627 24503
5628 17
5629 18413
5630 17613
5631 9032
5632 20791
5633 20790
5634 16896
5635 12991
5636 5855
5637 2140
5638 22394
5639 18379
5640 17546
5641 28965
5642 7929
5643 26115
5644 7433
5645 6777
5646 9686
5647 30504
5648 28069
5649 15554
5650 8668
5651 31914
5652 2462
5653 6041
5654 26714
5655 31342
5656 6615
5657 21150
5658 23415
5659 32463
5660 5327
5661 26023
5662 16838
5663 27619
5664 29395
5665 19486
5666 15386
5667 26111
5668 29298
5669 1956
5670 19868
5671 2941
5672 306
5673 13818
5674 10778
5675 22972
5676 7297
5677 15906
5678 16034
5679 25449
5680 16110
5681 22721
5682 10320
5683 15357
5684 11673
5685 30664
5686 3428
5687 15495
5688 14824
5689 20819
5690 3223
5691 1452
5692 19324
5693 4562
5694 14000
5695 25324
5696 18020
5697 31078
5698 18002
5699 29479
5700 8592
5701 26766
5702 2584
5703 14943
5704 16776
5705 8194
5706 13540
5707 191
5708 27486
5709 14303
5710 2163
5711 8924
5712 25568
5713 4613
5714 3637
5715 14140
5716 3859
5717 19389
5718 21084
5719 11541
5720 9181
5721 29344
5722 21811
5723 18518
5724 18434
5725 180
5726 9906
5727 7915
5728 10322
5729 25559
5730 24655
5731 31549
5732 24864
5733 5217
5734 28950
5735 18425
5736 19189
5737 32517
5738 28668
5739 26899
5740 32646
5741 17912
5742 26737
5743 9738
5744 10980
5745 7509
5746 21812
5747 2413
5748 31987
5749 18113
5750 15723
5751 22942
5752 20253
5753 28747
5754 10227
5755 3798
5756 21063
5757 31381
5758 22773
5759 27241
5760 22788
5761 27193
5762 3514
5763 4940
5764 4617
5765 2150
5766 10944
5767 23508
5768 18146
5769 30410
5770 4109
5771 5312
5772 29411
5773 15029
5774 1987
5775 4474
5776 18016
5777 891
5778 757
5779 16794
5780 27169
5781 12314
5782 6329
5783 940
5784 5904
5785 22556
5786 31614
5787 5427
5788 22069
5789 23487
5790 22688
5791 17390
5792 31972
5793 16212
5794 22074
5795 17497
5796 14645
5797 21989
5798 9020
5799 20855
5800 17077
5801 32538
5802 19901
5803 31183
5804 859
5805 31837
5806 21394
5807 15796
5808 19646
5809 8509
5810 8479
5811 25290
5812 28036
5813 25360
5814 29293
5815 8390
5816 15134
5817 3037
5818 19069
5819 2933
5820 25523
5821 5241
5822 29916
5823 24064
5824 7257
5825 27119
5826 17784
5827 2926
5828 32651
5829 8741
5830 2738
5831 14442
5832 12248
5833 25533
5834 26036
5835 583
5836 4824
5837 1338
5838 32005
5839 14145
5840 14436
5841 10084
5842 15706
5843 25606
5844 16902
5845 20205
5846 7344
5847 23157
5848 24239
5849 16724
5850 5015
5851 5541
5852 11944
5853 10506
5854 16593
5855 7977
5856 9163
5857 17620
5858 27419
5859 22930
5860 12787
5861 9840
5862 21835
5863 21558
5864 25521
5865 17531
5866 6299
5867 3120
5868 10049
5869 25490
5870 31045
5871 16040
5872 26556
5873 6840
5874 26960
5875 12373
5876 18062
5877 30455
5878 11689
5879 3647
5880 2347
5881 586
5882 22901
5883 19402
5884 3838
5885 12731
5886 5030
5887 8688
5888 25506
5889 32457
5890 23244
5891 5070
5892 16725
5893 12300
5894 15150
5895 7266
5896 6058
5897 5404
5898 11034
5899 27027
5900 27262
5901 14766
5902 377
5903 18545
5904 7468
5905 21504
5906 15014
5907 9919
5908 32261
5909 29304
5910 32641
5911 19887
5912 9722
5913 11400
5914 8895
5915 14828
5916 156
5917 23252
5918 2180
5919 13533
5920 4167
5921 6807
5922 11315
5923 4905
5924 17049
5925 8258
5926 14469
5927 15478
5928 26921
5929 7527
5930 26072
5931 24695
5932 10870
5933 15830
5934 4810
5935 32037
5936 32542
5937 6
5938 19207
5939 6732
5940 3921
5941 27830
5942 12383
5943 24138
5944 1156
5945 29139
5946 31260
5947 24595
5948 9066
5949 25757
5950 32402
5951 23161
5952 16928
5953 28422
5954 31479
5955 9387
5956 28328
5957 27738
5958 3445
5959 5115
5960 22936
5961 31013
5962 5502
5963 10980
5964 22803
5965 14930
5966 28256
5967 14667
5968 6137
5969 8080
5970 14361
5971 20997
5972 17755
5973 9466
5974 8812
5975 14746
5976 22578
5977 22518
5978 28212
5979 12872
5980 15184
5981 9053
5982 6393
5983 18763
5984 30102
5985 9949
5986 26305
5987 2396
5988 8808
5989 7580
5990 15912
5991 13944
5992 20062
5993 6174
5994 2739
5995 30434
5996 3132
5997 3433
5998 6498
5999 3435
6000 22053
6001 1895
6002 9092
6003 2289
6004 3851
6005 28299
6006 31695
6007 3366
6008 14442
6009 14519
6010 4528
6011 6290
6012 12342
6013 32606
6014 16096
6015 27612
6016 2834
6017 16614
6018 4920
6019 30277
6020 24258
6021 20816
6022 4806
6023 27509
6024 4323
6025 15898
6026 6688
6027 26234
6028 32217
6029 10596
6030 23800
6031 15886
6032 3082
6033 24659
6034 13041
6035 28184
6036 32586
6037 12467
6038 9905
6039 14966
6040 8341
6041 16864
6042 31544
6043 28410
6044 3588
6045 29926
6046 7024
6047 24754
6048 18170
6049 4071
6050 10245
6051 5229
6052 18590
6053 14525
6054 6006
6055 11898
6056 20111
6057 737
6058 7277
6059 4019
6060 3027
6061 5259
6062 17996
6063 17339
6064 28688
6065 10011
6066 4104
6067 9347
6068 19710
6069 26296
6070 20794
6071 22291
6072 28700
6073 30007
6074 17779
6075 1415
6076 1186
6077 5182
6078 7632
6079 31319
6080 20919
6081 15017
6082 20687
6083 220
6084 10469
6085 6444
6086 7265
6087 12048
6088 6346
6089 21050
6090 28225
6091 31894
6092 14352
6093 26918
6094 9859
6095 19194
6096 7327
6097 11401
6098 26736
6099 17209
6100 21264
6101 8163
6102 28049
6103 11396
6104 27237
6105 10373
6106 3850
6107 8257
6108 26616
6109 430
6110 31018
6111 16211
6112 14258
6113 15348
6114 15679
6115 19611
6116 27773
6117 19429
6118 13743
6119 20670
6120 25852
6121 27631
6122 28740
6123 11049
6124 10361
6125 21885
6126 4808
6127 13395
6128 4127
6129 5475
6130 28114
6131 21826
6132 4201
6133 32636
6134 12767
6135 14417
6136 14042
6137 1425
6138 31396
6139 30512
6140 12271
6141 30077
6142 9379
6143 27180
6144 26962
6145 25231
6146 8445
6147 31921
6148 9296
6149 15920
6150 15239
6151 11021
6152 3213
6153 25542
6154 1823
6155 3446
6156 9974
6157 7128
6158 25665
6159 5199
6160 11512
6161 23154
6162 21973
6163 22951
6164 10223
6165 15563
6166 6219
6167 11267
6168 24802
6169 2597
6170 12010
6171 13917
6172 30829
6173 15349
6174 23397
6175 26988
6176 15102
6177 20804
6178 13232
6179 2598
6180 1349
6181 29013
6182 18961
6183 2436
6184 19685
6185 8584
6186 7034
6187 2437
6188 8560
6189 4734
6190 14358
6191 13173
6192 14738
6193 18558
6194 23074
6195 17263
6196 24716
6197 8983
6198 24318
6199 27937
6200 22500
6201 2055
6202 22148
6203 32207
6204 347
6205 13660
6206 7320
6207 24474
6208 25888
6209 32473
6210 12544
6211 25091
6212 26691
6213 31387
6214 16759
6215 27563
6216 18284
6217 24829
6218 6652
6219 31068
6220 10701
6221 9144
6222 28528
6223 3661
6224 24661
6225 79
6226 14432
6227 31138
6228 9511
6229 4522
6230 2080
6231 5427
6232 28490
6233 9472
6234 8217
6235 24974
6236 11938
6237 22011
6238 11107
6239 9023
6240 1055
6241 13847
6242 22679
6243 25935
6244 18996
6245 844
6246 17886
6247 1290
6248 395
6249 12780
6250 29518
6251 11013
6252 30199
6253 19918
6254 12151
6255 21856
6256 12202
6257 30380
6258 12856
6259 22345
6260 1192
6261 31690
6262 23000
6263 29121
6264 24187
6265 23256
6266 15953
6267 27043
6268 2088
6269 9754
6270 3823
6271 16098
6272 6243
6273 5574
6274 28186
6275 26898
6276 19455
6277 18606
6278 16240
6279 15658
6280 25768
6281 30750
6282 7192
6283 24712
6284 24532
6285 8968
6286 24914
6287 27957
6288 6647
6289 29790
6290 3410
6291 11115
6292 12790
6293 26816
6294 24142
6295 1108
6296 16607
6297 30551
6298 26582
6299 4629
6300 14807
6301 16897
6302 4708
6303 28939
6304 1620
6305 4270
6306 14644
6307 13908
6308 12940
6309 7178
6310 23125
6311 12178
6312 15917
6313 27484
6314 3329
6315 20459
6316 25934
6317 18861
6318 12842
6319 28245
6320 30117
6321 5678
6322 4949
6323 14608
6324 1019
6325 29652
6326 25515
6327 627
6328 5598
6329 7237
6330 22349
6331 19180
6332 5014
6333 23031
6334 17641
6335 11331
6336 5722
6337 28054
6338 1419
6339 2590
6340 26307
6341 25255
6342 1717
6343 11210
6344 16256
6345 5996
6346 17073
6347 9016
6348 10316
6349 31751
6350 4902
6351 9542
6352 32029
6353 19681
6354 4586
6355 14144
6356 30110
6357 19533
6358 31767
6359 21927
6360 16608
6361 16233
6362 19297
6363 30769
6364 2380
6365 12869
6366 31142
6367 5904
6368 29917
6369 18248
6370 8903
6371 5495
6372 30092
6373 5583
6374 30903
6375 13659
6376 32267
6377 23574
6378 15825
6379 30839
6380 28341
6381 2140
6382 14703
6383 4754
6384 20166
6385 23874
6386 23224
6387 20740
6388 9671
6389 13685
6390 32185
6391 7031
6392 2381
6393 10892
6394 1720
6395 29163
6396 13027
6397 9012
6398 18372
6399 3069
6400 12869
6401 3210
6402 25745
6403 32104
6404 4047
6405 17096
6406 10371
6407 972
6408 29492
6409 27940
6410 777
6411 25006
6412 8819
6413 20725
6414 7724
6415 27328
6416 27911
6417 24600
6418 17256
6419 9571
6420 22366
6421 1682
6422 698
6423 9579
6424 6797
6425 31606
6426 20474
6427 1058
6428 19522
6429 6410
6430 2667
6431 6543
6432 17146
6433 37
6434 8849
6435 23288
6436 2676
6437 2779
6438 21058
6439 677
6440 31845
6441 21084
6442 6912
6443 25831
6444 20845
6445 19482
6446 32390
6447 5721
6448 15946
6449 16938
6450 9633
6451 18278
6452 29004
6453 10989
6454 26945
6455 30987
6456 1032
6457 9199
6458 29136
6459 28382
6460 13649
6461 5135
6462 24770
6463 592
6464 32612
6465 14561
6466 14446
6467 15151
6468 24163
6469 9040
6470 30236
6471 20847
6472 23301
6473 26504
6474 4703
6475 31785
6476 11659
6477 1043
6478 23461
6479 12772
6480 3318
6481 17473
6482 24332
6483 15892
6484 32375
6485 8654
6486 21367
6487 20448
6488 14631
6489 27071
6490 15074
6491 26152
6492 29176
6493 10381
6494 11762
6495 15559
6496 9195
6497 8581
6498 1488
6499 7957
6500 10372
6501 21871
6502 22584
6503 17328
6504 13436
6505 23662
6506 31181
6507 5501
6508 3253
6509 5927
6510 31408
6511 3561
6512 1907
6513 31525
6514 20816
6515 1141
6516 11720
6517 32380
6518 10116
6519 6001
6520 4432
6521 26285
6522 32215
6523 4615
6524 10783
6525 32458
6526 6434
6527 29564
6528 20728
6529 30939
6530 28257
6531 31667
6532 10687
6533 32383
6534 191
6535 24819
6536 4657
6537 13527
6538 26099
6539 4841
6540 26835
6541 14239
6542 25807
6543 12017
6544 16424
6545 20382
6546 25110
6547 2449
6548 21031
6549 26689
6550 3983
6551 28998
6552 18412
6553 2179
6554 4439
6555 3716
6556 10670
6557 21263
6558 3451
6559 1272
6560 2801
6561 20905
6562 22982
6563 14864
6564 18173
6565 4042
6566 15320
6567 25789
6568 24974
6569 18570
6570 28536
6571 19064
6572 24525
6573 11203
6574 26412
6575 19843
6576 11647
6577 32372
6578 31494
6579 12401
6580 25213
6581 6755
6582 31168
6583 13032
6584 31844
6585 4359
6586 20492
6587 27558
6588 24717
6589 30116
6590 14885
6591 962
6592 14912
6593 4792
6594 13226
6595 14132
6596 2340
6597 3734
6598 6572
6599 16024
6600 29690
6601 17233
6602 13062
6603 1583
6604 13195
6605 19931
6606 4844
6607 22055
6608 10719
6609 6254
6610 2503
6611 20508
6612 31152
6613 25643
6614 6208
6615 26078
6616 12830
6617 5634
6618 6299
6619 11637
6620 25253
6621 19153
6622 4679
6623 13922
6624 11083
6625 30416
6626 27571
6627 17448
6628 7454
6629 5164
6630 28259
6631 4619
6632 32477
6633 9458
6634 20802
6635 1048
6636 18934
6637 3119
6638 15674
6639 26981
6640 29616
6641 598
6642 2
6643 13210
6644 22186
6645 10465
6646 24887
6647 18352
6648 20612
6649 315
6650 19887
6651 19449
6652 26588
6653 19166
6654 19722
6655 5985
6656 3708
6657 3256
6658 30089
6659 9715
6660 21457
6661 19924
6662 21028
6663 13983
6664 7072
6665 16694
6666 28374
6667 30266
6668 11508
6669 26887
6670 32572
6671 23494
6672 11611
6673 29938
6674 21342
6675 6644
6676 23633
6677 24525
6678 3789
6679 18919
6680 8957
6681 4220
6682 21998
6683 13115
6684 19483
6685 530
6686 26005
6687 21830
6688 30778
6689 14138
6690 18645
6691 5533
6692 8743
6693 31958
6694 8471
6695 14298
6696 18345
6697 16357
6698 13418
6699 669
6700 2670
6701 31402
6702 13850
6703 13777
6704 23878
6705 32011
6706 32132
6707 13873
6708 4495
6709 5175
6710 7976
6711 4618
6712 22768
6713 21899
6714 7168
6715 17218
6716 3915
6717 4279
6718 6929
6719 21145
6720 24812
6721 11548
6722 24895
6723 16431
6724 8455
6725 30329
6726 31589
6727 21831
6728 25697
6729 7367
6730 20133
6731 17226
6732 13389
6733 27489
6734 765
6735 13327
6736 28122
6737 31592
6738 31771
6739 12121
6740 8523
6741 25958
6742 21619
6743 31137
6744 1479
6745 13873
6746 3726
6747 20502
6748 21842
6749 11027
6750 28837
6751 9699
6752 9468
6753 31015
6754 15982
6755 18096
6756 3416
6757 9222
6758 17718
6759 619
6760 14128
6761 10147
6762 28208
6763 17992
6764 8311
6765 31092
6766 19213
6767 18182
6768 11647
6769 9427
6770 20684
6771 8309
6772 23149
6773 1699
6774 13524
6775 3637
6776 8425
6777 27702
6778 8256
6779 8640
6780 26138
6781 6510
6782 11642
6783 6570
6784 1233
6785 31267
6786 25611
6787 15912
6788 18436
6789 709
6790 9905
6791 26320
6792 27007
6793 1091
6794 18354
6795 3487
6796 26838
6797 30507
6798 14193
6799 4928
6800 20126
6801 530
6802 319
6803 6283
6804 12252
6805 16182
6806 2675
6807 4429
6808 1470
6809 1378
6810 18365
6811 29767
6812 11657
6813 14354
6814 23735
6815 11385
6816 9427
6817 25304
6818 22973
6819 12192
6820 22002
6821 9214
6822 3071
6823 24061
6824 2228
6825 10861
6826 5076
6827 3928
6828 19281
6829 19149
6830 13650
6831 28997
6832 26525
6833 28654
6834 5915
6835 6822
6836 14466
6837 27239
6838 25465
6839 30833
6840 29614
6841 25469
6842 32686
6843 30643
6844 15241
6845 30534
6846 19845
6847 4309
6848 3434
6849 14862
6850 11053
6851 6174
6852 24586
6853 11513
6854 9543
6855 30586
6856 1593
6857 26090
6858 3902
6859 13690
6860 10703
6861 28324
6862 30167
6863 28059
6864 29414
6865 7983
6866 8201
6867 7627
6868 12102
6869 30590
6870 4622
6871 27945
6872 3617
6873 15438
6874 18106
6875 20493
6876 17409
6877 23377
6878 4876
6879 11592
6880 11006
6881 23180
6882 26627
6883 26797
6884 13108
6885 22269
6886 26290
6887 30416
6888 14196
6889 22146
6890 31383
6891 24077
6892 2618
6893 28918
6894 28201
6895 18636
6896 20191
6897 5277
6898 11696
6899 3332
6900 29456
6901 27074
6902 11353
6903 19710
6904 23679
6905 6558
6906 8074
6907 5468
6908 7896
6909 31868
6910 1139
6911 7257
6912 19959
6913 29467
6914 9190
6915 1618
6916 16472
6917 28500
6918 2152
6919 21382
6920 21967
6921 28668
6922 6792
6923 23322
6924 5753
6925 29708
6926 22383
6927 30560
6928 15858
6929 10495
6930 21945
6931 18264
6932 1736
6933 22652
6934 3203
6935 10615
6936 18992
6937 22837
6938 4293
6939 21416
6940 18424
6941 1807
6942 15587
6943 11409
6944 10941
6945 1667
6946 30334
6947 18967
6948 7262
6949 22340
6950 1680
6951 14628
6952 32432
6953 31266
6954 14264
6955 29351
6956 7284
6957 11822
6958 11986
6959 8669
6960 26246
6961 2335
6962 12747
6963 8144
6964 4439
6965 28404
6966 20659
6967 18461
6968 9884
6969 11483
6970 9492
6971 2809
6972 24392
6973 15186
6974 7043
6975 24694
6976 22968
6977 27532
6978 31604
6979 259
6980 46
6981 1046
6982 8531
6983 1842
6984 13185
6985 4282
6986 7888
6987 24255
6988 3603
6989 27044
6990 13690
6991 9421
6992 21250
6993 13763
6994 24463
6995 23922
6996 23971
6997 27762
6998 23314
6999 8822
7000 9516
