30669
739
29859
23564
20162
7939
2949
27354
26686
16410
8670
29750
15154
32103
15805
17030
4794
13988
15559
1643
16453
3477
14204
15604
14583
7648
10684
17937
8779
26399
1161
16202
4605
7476
3342
30384
1319
21212
11488
2580
21162
12936
6021
1656
7375
14696
26931
7107
1582
10440
8921
14521
11727
8607
10084
9001
13968
7781
7739
24680
24006
16166
24331
511
25895
7125
19146
10913
21480
4322
13814
24416
21282
14862
18462
31008
10618
3967
29860
19019
6657
22799
28865
19654
10841
27626
19145
27684
5146
26200
1713
16410
25971
24023
25550
19251
5397
13165
12255
4549
3404
572
19278
7460
29295
23639
17075
16149
10363
18900
8602
10630
23547
15907
25222
11900
4651
30622
8246
15436
1116
32096
27686
27150
19098
12123
28249
10319
6541
7333
12886
27142
6045
5139
17777
22985
3417
8969
2635
28481
29978
30352
26012
30940
11747
21161
10288
28097
21900
5090
23088
7177
3616
28454
19363
1836
12931
25561
3636
2745
15960
5157
15414
5451
27937
30606
12517
4024
21672
7117
5615
17547
32415
26587
27187
23477
17795
5452
26056
15999
30918
21470
24385
30659
3116
19282
5679
25692
22134
28538
1768
18395
9022
23188
11143
6523
7202
8662
20020
7512
19748
22602
20646
7643
18513
13276
3301
22905
11425
2226
13141
30877
5151
3771
18928
8162
11593
9611
12499
29318
954
2662
20476
6428
15366
13466
21074
8320
18150
19474
4581
17680
20373
28201
6520
32281
27001
13500
24381
23952
16646
13187
7391
6147
21472
24481
26821
18638
29759
5497
29846
18066
7064
12484
5368
7139
20602
27360
30366
30785
9142
29547
9345
11594
2242
30481
17261
3117
3423
2210
9920
14178
13434
8296
8815
15513
30800
9655
15945
2800
14294
14021
11904
6504
4952
8892
13669
20890
31840
18958
21107
4774
31961
22793
25231
24685
31092
4267
5518
4864
29515
4535
23800
6743
3269
24072
14347
10823
21945
1062
259
25262
8918
10519
8089
18417
29762
25720
17610
8104
12161
8908
5081
1431
12441
531
23703
19681
30323
23711
19170
376
28293
30243
12140
7640
9134
32525
17854
18677
21601
25109
7036
12401
13318
4118
31978
21267
23453
15901
2735
20341
11685
18880
23769
2812
12604
14258
22306
17677
10375
148
4721
27262
26196
8205
32676
15691
9982
6684
10125
9355
28817
27309
11322
14498
15919
4971
28538
24503
31411
15318
668
3689
3731
6037
17274
189
1291
1805
19127
32603
3192
9778
3908
1275
22018
15773
25385
22554
6269
18912
11650
27889
14993
3350
1479
9127
26649
24254
5201
14022
5834
11721
23578
28140
15893
26865
20933
26819
17998
16717
25566
5682
29453
31522
22626
11221
19669
16637
9090
12715
19955
11518
7076
30223
22185
31863
11947
32234
11404
8630
31864
17702
2347
10270
31408
25446
31729
7805
1472
26868
9037
31641
799
2042
271
12556
30931
24054
28182
24658
15927
29032
28968
26145
10747
14285
32033
12280
24940
14289
23120
4091
11510
7105
16158
766
30183
18495
23536
7392
20853
19257
24143
3866
15619
14108
12103
32151
28576
15940
28940
5575
25809
8888
32740
7151
1168
19988
31296
25283
3220
9670
5164
24886
7891
28541
14826
23185
6470
23007
17882
19650
6892
32123
19870
6391
23057
27134
19066
6764
12240
5033
8449
8065
31959
13570
19438
30992
19306
30922
11856
5117
21163
48
20714
20751
16152
6468
3801
3838
25685
14766
30071
6861
15404
4512
23424
31321
22226
19209
29555
17715
8299
18700
23867
32683
8145
31664
31503
11309
4753
7129
3479
1745
2615
25463
23376
7981
28364
5629
26417
17518
2716
27925
31375
30631
829
15761
1598
22632
25548
26789
7929
16275
7290
27988
6403
31851
6983
11817
1807
26606
25102
16167
8286
16997
15810
20482
21031
3897
759
1680
59
25352
29604
23930
14569
22520
12839
23351
24607
7243
25993
13627
5587
20276
29444
13163
23457
8169
28866
26581
15798
25338
13800
3742
748
4577
11219
10811
10294
26842
17569
12260
11071
5877
15092
22598
26702
13417
32498
26745
3949
29483
29841
1841
29898
15807
26385
29240
16477
14415
21962
10268
16587
22522
32295
23077
25995
1134
18163
14985
9287
30649
28883
31459
19845
20572
12308
3810
5254
2465
5031
1854
20078
20015
23914
6385
11430
22748
12202
9379
30335
22466
13285
21094
1560
1429
7892
5539
3201
27956
13736
11604
24864
2941
14485
29812
24660
17254
22157
5812
7513
22601
3662
32112
27500
25216
8350
2273
559
29234
30677
27028
16718
21612
10397
11803
22371
11892
28662
22786
20503
25434
21117
4869
19850
30671
16621
19839
28918
26682
26086
26918
13967
9481
237
13558
18605
10565
29365
22891
3628
24426
24220
1011
30739
18549
1401
26275
21109
6462
15765
24617
7317
16904
11255
24578
11341
5207
8933
23277
8369
31490
18855
25503
26607
30856
29070
15288
23674
24487
15413
28918
15719
31275
30471
23208
1559
4613
20481
2918
26902
4252
18361
2816
29251
10344
1184
27828
5169
15548
27524
5540
9422
31715
8537
18311
3394
24431
23096
17310
12570
1742
6568
6633
20646
8222
18461
30876
27295
21314
16830
4045
24845
25398
17003
23919
25960
31135
21247
30083
28670
20647
7122
6797
18068
12039
16515
14917
22096
27237
10484
8848
25815
25569
23445
686
23730
13035
19686
3253
14582
29271
18487
19262
21540
25523
21938
32606
7758
23768
16796
6872
32379
13247
10456
10896
25421
7318
11949
17731
18145
11795
16329
21110
10743
9
1669
15788
19027
6201
29802
27100
6243
6506
1268
31010
12321
26812
7575
15541
22843
15673
12032
24857
21105
19885
31645
10902
27711
4279
10079
21992
14013
17185
29887
28984
18115
10349
21247
16715
22096
14768
8626
1786
17453
13988
19838
14562
14029
19704
10785
1372
26232
18922
11698
12464
21161
2584
28969
9093
26292
7059
6690
15772
20907
17974
4574
16574
5507
28214
11659
26611
4467
1273
11205
32501
2973
31788
11100
3556
32240
28432
32600
27963
10829
30228
1082
22019
14824
22697
23173
16967
27634
4434
10877
12743
6005
22522
21807
9968
1151
9867
14001
28684
24706
27580
23979
4279
20987
24619
23574
24466
28498
12715
5444
11323
7425
30943
11553
380
5881
11528
31928
22466
10561
2587
12281
19409
23521
7447
28857
11703
5630
27285
17146
31742
31814
25504
30317
7974
3727
7368
20789
31059
18618
31602
22510
7746
19166
19826
22254
18305
19619
32476
4298
22752
24555
25110
13852
2339
18104
15922
2692
761
24650
6011
23277
4658
29063
26190
10514
12588
19616
12332
12352
2702
7154
14092
10077
17209
21546
13046
25641
8316
4525
18893
17348
24199
25911
14701
31857
19235
21441
26614
15513
30880
3497
20070
15123
7438
8461
29038
7330
29104
11127
23678
21183
9901
20160
21283
22425
16137
27950
11410
27483
26836
28896
3461
13997
9633
8812
29765
30333
22330
21190
19208
5375
1170
23652
29822
21490
27387
16287
1703
27686
12185
24157
10215
17979
17687
6893
16988
12459
22936
24114
367
14091
24817
18692
19881
32397
3861
5331
15049
19402
22224
26509
7187
5566
16569
7874
13034
18964
11874
22023
11169
9892
24017
11416
23695
19515
16692
3649
31585
28314
32464
894
15540
17857
11579
19681
4580
9325
8139
19892
31006
22495
22350
2528
5053
13535
27387
15117
30419
30209
32169
16651
27141
20263
4927
29040
2205
23111
23148
2691
30938
16750
16024
19801
11658
18949
22042
830
26075
9556
171
29271
24431
10820
18970
1413
28334
23657
25922
11147
29024
25663
21306
12660
20347
23732
2763
7215
32313
6631
13351
17789
14702
19760
19671
16397
26393
10848
18422
18148
22841
29258
32413
15363
25058
1666
1182
31300
28047
27236
13685
32390
6074
21848
3451
11273
28074
14933
9053
12315
21389
26788
21965
18677
16326
10727
375
29664
16520
345
21303
18076
32676
28759
2697
30721
14495
25632
16449
23527
21768
12505
1404
22084
8968
15828
28374
2452
23099
18193
24541
17534
25278
22533
10950
29364
4746
25499
22623
5403
21760
7545
11333
1324
28868
30852
14679
1946
24527
28326
6762
29236
28096
30159
9023
26894
4211
17977
7602
30427
11989
22001
26419
1182
18935
11667
634
29826
15457
31316
29047
25605
936
326
27528
22876
18499
22488
17391
24595
6042
1436
5251
22773
1120
29518
165
299
8483
19217
9334
29864
2337
11771
1096
12228
27486
25300
4178
21542
19443
25115
4263
13544
28585
25418
3433
28150
9670
20316
1849
2743
25639
15499
5107
32752
27023
22366
13208
31973
23103
23779
29068
22465
2759
2617
9730
6455
27931
9554
27572
27498
21481
759
7639
28682
42
11789
29262
16832
11512
5142
1054
9421
3487
23291
25122
10990
29174
17416
30208
20098
1264
16440
22363
18670
22894
6579
24394
10305
14679
22165
4105
26644
27371
14577
9455
4533
24660
22
24224
10116
1406
20240
24452
24476
8233
23666
11384
29110
30269
20307
9667
31819
11869
28055
3147
17657
7870
32624
26377
22568
32314
3107
23738
19437
11168
21520
21975
10799
32591
11245
31432
17928
23299
7506
25173
109
27630
28794
1117
16402
21259
840
17610
8328
10159
4488
10948
7336
2145
21112
6181
14389
11755
3974
5421
27837
13489
6236
1144
24000
4162
14362
21292
6165
23853
4066
31095
24712
1302
31386
24377
21960
26888
24045
30973
27009
1549
3219
12590
29893
18428
7635
29064
27568
32403
24134
24780
29772
10437
15837
10424
25778
2645
24357
22582
27762
16292
11210
13780
27957
17352
4699
5748
18081
7389
20812
3140
6525
8864
29505
497
17942
4922
24714
5656
10721
27225
10729
19198
24673
11909
28828
24192
2891
10418
3991
24141
26089
14865
27154
19538
10172
17452
835
26486
31333
22322
17261
27784
1734
6799
3609
25461
23908
9152
3491
19647
15887
12134
22521
17194
710
28825
20640
26041
12757
27262
27640
7640
31552
2076
14272
5595
9572
26219
19676
29607
11484
1198
3670
11183
7074
20227
22948
35
23414
14137
3113
99
1924
20449
510
7354
321
7592
29169
8777
19606
4836
19150
13121
30528
26988
30174
3926
3959
20141
8878
16496
28109
5626
17
32675
22106
25892
1640
26209
13590
3915
14113
16366
31110
4595
30078
3861
21915
26714
23704
7194
25559
10506
13987
7919
30897
8618
31091
22954
9019
25881
27711
14135
8450
32702
23206
16970
18741
17945
30959
2200
13066
29086
23957
15943
7006
32708
13315
13731
19868
1881
3228
32530
5087
30744
28158
17738
29275
30845
2952
14785
12793
21976
17690
9573
32321
15009
21531
29070
6781
7947
18881
15665
29211
10203
17036
21078
2132
26491
29460
4044
2827
13642
29189
6939
3320
3895
25448
28346
11013
14734
26916
6274
8440
4369
31940
15459
4435
17227
5754
12118
1144
24865
17764
16018
25361
32682
7439
30467
28591
23361
7226
248
945
12504
28892
25628
4968
16783
15720
18343
15737
13445
17231
725
27010
19181
5830
4504
14848
6757
16331
16777
21872
16772
27746
11045
19124
19122
6181
19254
5305
12605
19707
20623
343
15529
24872
29180
32632
9799
22150
24697
6269
15625
16145
10658
6365
31636
19113
7787
11279
17559
25108
4625
28587
14683
29507
1361
16844
24220
21206
4567
20152
920
22242
10745
8643
8037
3825
165
15728
6279
15690
11672
32474
10946
30067
25041
20562
24365
1013
16454
28490
19080
863
11989
18802
1487
17037
13181
13600
5391
24618
12750
2293
12409
16244
7326
22206
9141
14911
28670
19864
14201
13373
1901
1880
22873
29564
9291
17705
30177
25136
14480
24439
14561
7603
18877
27916
10248
30410
19
25977
19380
18218
13827
17080
23049
16443
7143
26127
6209
5915
17391
17463
26178
12774
10846
7358
10358
14901
3574
16554
983
14564
11440
11359
8265
7961
14513
30915
25901
24705
6522
26527
25651
733
19807
3913
26223
18110
32570
27008
20400
19852
9312
18839
19469
24781
14036
32214
31680
16036
24507
8221
4408
3992
9744
22986
5481
27031
30105
7901
18023
1083
4634
9306
17459
588
19144
5615
32724
29829
512
20183
8362
31131
23865
6654
21504
8059
12600
15718
15072
27091
32387
21705
27179
8661
4631
16256
12521
21304
7773
9635
6365
6783
24667
22642
21852
10365
9511
4595
5216
7961
17314
22493
26073
11087
24162
1461
11587
119
496
16951
20861
6346
29492
25591
7897
24354
16941
2376
3952
9729
29926
26461
28088
4053
24229
5294
1368
19578
30565
21149
22074
20481
18310
6746
32226
26288
15300
28932
19199
19017
30054
18193
12096
7312
27319
26351
873
27399
27578
14059
20902
8188
24346
21075
6687
1221
19296
15831
17868
14667
104
15157
15243
17605
29974
22
19312
9158
11589
21554
25692
30586
15360
23227
18385
14892
13813
2809
12292
7436
10278
7218
7220
29488
26338
26828
14139
19928
18676
3253
3171
11766
8986
17155
32378
28398
6073
18136
13609
20122
3790
15241
29825
13969
27176
24575
4823
10921
18901
4445
210
186
29914
24802
6082
17829
14887
16658
8755
29589
24009
3600
21187
23941
26210
30031
7472
29699
24278
105
9653
18227
24648
18255
14999
27158
30789
3491
3067
6924
16190
20322
5626
21912
13116
198
28919
12644
10959
1387
31792
12933
29767
8880
5780
28415
29991
29024
22997
11660
24023
4754
3005
24985
17817
11213
14789
10386
17086
28272
13028
11359
21274
11857
21413
3887
10421
19365
22652
17524
11971
29728
10842
31534
23255
32605
22911
32109
7763
27263
14992
10513
3107
14105
23017
26069
1707
12619
14644
15500
2557
24878
2874
29610
26192
11122
25082
21765
32430
25926
760
221
24556
24440
21976
29210
17375
11486
8491
6102
21709
10228
2441
10267
17698
31686
1760
4078
3940
13329
17419
9356
29289
6309
7335
31219
32200
22541
11554
676
17037
17778
10516
23720
31793
11709
27603
28625
17865
2044
30530
16706
12157
1287
21737
8241
18492
16995
3403
4076
28590
9318
10611
4890
1130
7068
29393
15428
17002
22890
25924
10132
26043
14321
1912
16860
25977
22837
7538
217
23291
16767
26985
28858
26955
28928
28376
15068
14553
16566
27601
2520
23408
1684
31892
28351
11368
17629
7520
11172
286
26833
32393
1883
15777
23691
24267
3713
8622
28714
24542
26044
25055
24111
2378
4420
24863
28454
28029
21923
7777
137
9499
5561
10898
29409
5269
20994
15051
17198
12285
11548
10956
21385
12569
6531
934
9992
29622
5280
23223
5346
27710
4866
7387
14035
27789
491
6625
5826
11009
526
25660
24482
16336
16279
22779
5526
3231
2924
25596
6488
16976
6578
21596
31451
31003
2452
21809
24367
3808
6719
24188
32166
16315
12593
12889
30773
11482
5556
14969
4892
17803
1445
22994
4041
18073
1914
1685
12026
17369
7556
16481
7715
28672
15984
14006
21519
5815
14100
13228
8393
31986
22889
7909
29885
7037
7379
11456
8987
26583
5033
3535
9084
8004
23025
12940
5832
18462
24939
30535
4951
23916
16082
19555
31830
22710
23646
11970
26733
3607
13709
1150
23454
3731
35
12762
22641
1195
26223
31352
3150
16175
14033
716
6954
24148
11385
1488
20070
22278
13681
4857
10995
16511
23006
26730
12987
8217
10371
15721
21820
10080
19590
4367
21366
6252
12407
20803
6920
17518
21134
28137
23702
22664
11828
11350
24941
27874
24261
20231
25706
2554
24469
26003
29208
6203
3377
22751
5144
28114
19431
1937
19398
28349
30600
1735
8217
29476
108
23304
17099
26605
22967
15739
4282
23947
7387
16726
29071
30998
1630
28058
23197
31649
12254
7934
30988
21448
11090
17960
18230
28040
25490
22051
4433
13396
26138
30478
11599
31588
31242
20753
27138
16465
10354
918
31108
31711
6605
7349
23254
29977
27851
9455
1735
19108
27220
4896
25623
9805
15049
15535
18141
20196
141
5640
32550
3149
31684
22348
15071
4564
7002
22854
16117
25281
8007
16034
15290
25900
12306
15705
16523
5907
3988
7280
4784
6570
18175
14818
27523
1778
30239
11483
25044
17805
10207
22566
653
20177
20494
233
23698
6939
22115
15760
1003
10342
21183
20743
20517
20252
24243
17964
23029
22827
8258
24452
31775
3932
29160
12076
23446
12513
19419
27411
15077
2348
21136
20839
7373
6152
11905
12621
31280
32738
4398
27605
3886
11879
2913
301
909
29525
6327
32277
29278
31114
1116
23954
5341
22114
2838
13031
5274
9023
24197
12225
18646
21865
28073
23218
25392
18457
5796
2528
20353
11472
9665
30207
19204
21997
17846
31100
30394
3967
17702
20475
26892
31320
21866
27140
691
7523
9873
10489
2773
8503
1189
5964
22128
27115
23088
28910
32508
812
15359
4107
27724
4750
25126
4596
13750
17440
12869
18525
7795
25923
16137
19144
12616
8636
24821
15425
16230
5895
19554
6476
18064
12782
18628
8732
635
2651
27952
13573
11642
12651
1563
11572
13403
9667
2149
6558
24971
25127
13718
24630
17281
14921
21863
8547
21082
31198
10372
28593
6337
31223
30864
12231
25618
8335
26985
13465
16319
32352
28590
27614
16370
32508
4223
11973
24436
24344
20100
2787
29901
23851
26673
6000
685
22584
19272
10932
26506
20711
24991
956
12427
219
6947
15441
5029
31808
22813
5931
21764
4515
7860
32353
7084
23559
10931
17956
31072
15157
24205
1965
10690
9811
5791
10356
19645
3256
22452
24995
8224
14591
30158
23498
31883
27226
6180
13012
6543
6185
15975
30266
23825
5068
11081
31094
14831
31925
22592
2235
25063
15041
22151
21987
20148
29384
16743
12713
26233
10611
9652
25880
16227
2125
666
16195
18058
31005
18330
11063
19993
2932
29647
25134
18095
22658
14966
3589
10245
22829
20653
28656
19664
25189
18555
24429
17897
15281
7441
13686
26795
1038
21583
30715
7324
22778
22922
22927
11344
29644
30093
24930
7563
12614
2013
20335
21670
14189
25922
4342
1844
11672
32642
22829
16869
15048
14960
12851
1450
15927
4645
6725
16409
30260
30350
308
8980
2349
39
14870
8101
9486
25093
13628
2093
10442
15642
5733
7614
3126
14517
31537
3269
31262
1096
1497
7404
20627
9838
28
6206
31618
15660
10877
11660
23947
4983
2987
21008
15119
12279
21569
26193
23435
16651
10927
8774
21797
2573
29560
3262
13957
13783
27039
512
742
12934
7003
3502
13421
31358
7954
7151
14521
28334
5253
17868
7099
9749
17993
15579
21704
22148
32630
6683
27116
15014
27043
5152
23938
6463
1809
24688
6657
20913
7462
17452
20505
4548
8989
6131
31487
6310
2301
17155
32517
11057
27335
29089
5741
7533
1012
2748
127
5462
30494
10445
9945
27359
15870
6657
11527
18742
21910
11162
7763
30026
31407
17554
11742
23947
2694
4994
15600
22256
23491
21443
7053
11071
9130
28115
14153
23689
15253
30458
11357
16883
23202
21549
27897
25021
6057
1074
29404
11388
18289
21765
12067
32170
2851
2171
11358
1377
8958
11301
5865
32612
22861
10359
8058
23391
6550
19241
27638
14960
2069
20702
2697
26085
11624
12804
6901
9032
2700
14075
8746
2457
10504
6009
15384
15322
31592
10541
8129
11473
8685
24994
10642
20489
26499
12135
24563
23578
2803
28269
9757
554
10330
31664
4395
16052
22234
11289
4980
10120
20111
10915
29209
23315
10949
446
14554
29921
7272
21489
8238
11104
8379
1986
6546
31463
4173
27354
30241
502
6698
4197
23397
29376
32590
28344
31341
15846
8799
54
15647
23174
16283
27508
24016
20340
24847
30363
7442
25031
25353
18958
2509
3224
7377
17997
3986
9734
404
28954
16171
21885
19873
15834
1399
16185
5080
13629
17525
2309
16222
16417
670
7241
23958
6580
9336
18755
17485
11481
25704
12181
26677
24782
31943
4096
30613
6411
14393
27503
3390
27757
23610
4919
4033
22419
8698
3741
4319
28297
12651
31129
16705
20899
21144
16601
19562
27052
18744
24329
12521
12096
3715
32594
26835
375
23876
10528
30320
20420
17456
22825
10549
6940
12918
11179
12018
4698
12951
31732
17741
19938
18296
7464
8047
28292
8118
4159
21501
9124
4921
23373
26442
23704
7948
26118
17867
10578
21355
32641
17099
3647
26654
28988
28511
20334
27398
17249
23965
30453
15606
5703
9225
6801
20676
13628
13648
9356
24735
18050
24633
9188
3490
15511
3032
26537
7594
27833
1029
27047
19301
28330
27148
19525
23724
10673
7590
28589
29459
13025
12840
25133
19134
24733
17403
12253
23414
14172
16972
21891
4091
5034
260
23219
1948
13680
9979
22331
5638
4212
19560
26558
30042
1571
23965
21918
24194
27791
5617
30239
31684
1716
9981
1226
27031
20991
24587
32016
14774
19729
27083
14128
11380
7104
27208
19547
5199
11358
9499
1557
6087
16958
27614
23774
17777
2421
29412
18962
11847
6110
24103
28942
31298
32609
6786
25492
11051
21876
22305
1393
430
21473
13109
21340
14512
30410
29676
4386
2786
15339
22176
8960
13974
26400
21327
5712
29650
28711
25419
7529
4259
32166
8242
704
10164
4464
20257
22355
9503
18948
11301
24647
3459
23895
2546
1999
15191
12499
6616
21841
1662
12959
28658
12484
2587
22561
6049
30045
31910
26049
19512
5994
20032
25584
10745
24958
323
25961
27457
3278
28958
695
1535
14555
31584
12024
15722
1617
16146
18912
31732
22831
26186
4865
2425
1577
11773
25161
29117
28491
8213
18892
12053
21470
13251
1219
28004
22415
18455
22485
31049
1230
11470
18070
12183
20085
11627
16974
262
21674
21129
13819
24104
28934
19823
5017
8094
19959
16869
18080
16011
3426
25158
12239
29001
17037
4567
3624
91
17213
343
31036
26531
5147
31191
20648
6101
29788
18892
17632
27692
19617
2147
23851
10332
1308
8980
7919
4807
1781
27002
14895
32499
27884
2914
24402
23612
10047
15650
8742
7366
5838
30252
3620
2230
25469
32226
20470
20898
4570
15020
6198
31301
7168
30536
7033
26232
4539
4706
21388
10078
1004
19557
26109
22494
16175
10128
21469
7510
6588
3660
22213
8333
22667
13245
3863
4842
28604
25239
26502
5092
8757
11827
20953
2746
17549
14818
16619
18532
10025
2689
1015
1481
27556
5709
26386
4658
18804
1785
15609
17919
1483
25086
13837
3481
8892
2867
10396
8359
2463
21917
11874
14725
13494
5768
15184
24817
7185
28374
4492
8712
27054
16024
14008
14962
14565
30427
20087
6873
25859
15812
32301
19359
11062
6368
15879
2512
9129
4533
15164
12373
21999
2205
12178
16747
27813
10708
21027
9300
19539
14543
17761
27468
4500
9679
9816
13759
14967
8631
8499
697
32548
9242
12034
1950
7619
6041
24762
24347
7577
8300
23421
9308
19828
12606
27164
20096
330
25150
18395
24650
21277
15987
2164
16409
27425
31567
16734
19482
4897
20104
22606
32444
6431
22051
6911
14180
17723
18130
1071
31587
26326
21631
20970
17189
15606
2345
20746
10154
15852
32239
511
1082
565
10858
31436
24661
22175
15936
10834
13802
14764
14582
24785
26569
18491
13318
16812
31833
23909
4914
620
28814
27046
3863
6920
14102
17725
19973
19300
14291
469
32526
6679
25486
32612
11101
12401
12266
18516
12746
14269
3990
30945
8363
7107
15047
13762
25068
22161
23526
30219
28002
10619
29829
9298
30044
26465
3736
23312
16763
13360
3554
16459
11204
23979
13741
17522
29684
12652
14014
18569
23827
29733
22920
28549
18764
24108
6304
7930
18428
16695
16241
29427
18953
15204
24881
10529
28789
7036
15380
18233
10547
23160
23743
151
3641
20036
5631
7975
15062
31172
8379
29573
2886
7701
30759
4195
31364
28949
17979
21804
4703
7461
29796
3046
8656
28205
13433
7773
11659
20449
5616
9854
20180
323
31570
24065
29844
8553
1004
12619
15020
31105
15816
31122
19337
10258
13275
8770
32760
4485
11392
15775
12604
14819
11301
19628
29023
27616
4164
15948
7621
20761
22166
27048
7
24474
25731
2000
28926
16547
25308
28837
12829
5292
460
7926
28932
14502
14604
16361
10579
28804
22615
20893
22716
6906
31774
5389
14685
21124
14972
22328
30284
8107
7276
21887
3699
8324
14138
16718
22942
18809
31287
9982
25554
9035
1201
15354
4833
10840
6178
22561
19003
13082
31400
7788
263
30705
23989
6353
32370
13346
7432
19303
12359
28703
27100
714
20417
25353
13919
25025
18589
3443
30053
29214
5746
29033
606
15590
3141
2992
17797
11698
14936
29264
26715
17749
26180
15440
11860
24511
18759
5825
17872
4386
2271
11006
9548
24147
7576
14897
18650
21618
7202
4633
25550
17357
5286
16139
23227
8706
31834
7991
6558
22372
21844
15149
6744
31648
2204
1952
12130
17825
9860
29801
26300
12976
316
27854
6438
10464
21921
11525
31123
6313
30294
4340
14555
25043
11542
16443
4528
32661
17992
23412
20691
16383
31444
3769
11655
2709
11318
11623
1607
31293
9937
15138
21940
20059
24197
1562
29649
30522
22915
13964
30578
16814
15712
30603
19442
26103
12905
7424
20261
32233
4407
27376
2957
9802
3715
25085
25297
20348
22843
13616
15466
347
24276
19701
3232
5737
10723
31591
18357
12841
3815
17870
5472
30408
7017
26470
22653
15874
31560
29027
24322
22852
18510
11313
20021
7438
30726
7680
7964
15260
23506
23168
16181
12997
26424
32745
10600
20771
12413
1343
2874
5748
24437
15828
19011
29504
32409
13838
32226
11197
25178
19818
12591
25071
6837
12737
305
2835
8968
8139
27474
21566
17444
3297
24591
14914
23715
7687
28148
22737
892
4137
6344
13541
14548
30117
12549
1630
6423
27914
16267
17645
17992
13599
22932
31794
31637
16936
28907
11041
32559
14436
29785
12970
26200
28634
21600
6041
24510
25942
16428
7099
30727
15534
11975
29250
3245
14409
2188
4970
24844
18914
1246
29533
2489
8330
4122
8276
8726
22508
19913
3072
35
11477
2843
1064
23191
23284
13713
7827
5424
2014
10745
7208
10055
24404
28575
1876
20647
17609
13250
4524
4255
15903
6469
29908
4950
31666
12455
23199
2399
8599
11317
4215
7565
13862
9342
2560
32009
22965
264
30456
9633
11175
22849
28770
28259
166
25016
227
32363
20012
14733
3180
9721
28488
11303
23321
19911
9887
15140
19289
28825
433
1174
28496
21269
349
22892
6521
28117
11175
6190
7312
15803
27322
8174
17071
28292
23849
28539
16311
5024
31610
17623
8945
25409
14053
20715
3061
10163
30041
21370
9931
23275
3776
13140
13137
8290
12164
26316
7132
4388
17490
16491
24354
3619
21278
29670
20824
3282
25959
26446
30871
4591
26556
9351
2180
20128
8831
32507
16688
5058
12265
16783
13629
3966
4942
30935
15171
2333
21922
11653
3697
3869
19261
9000
25208
19332
26331
28435
28324
29300
15847
31642
13388
32512
8697
19333
1133
12862
29597
4542
2194
2205
4694
29005
21239
6521
3554
31110
14829
5357
31936
12929
640
21481
7152
19915
7768
11908
7162
20315
221
3219
16177
17096
20383
25722
11577
20665
29172
7234
8135
18588
17379
236
19624
29339
28736
18437
12549
15819
13849
20347
8677
7847
7505
4015
17907
12734
24203
29643
23682
30376
585
3158
30158
14142
31573
20486
132
28427
16481
24277
20613
18173
10474
31574
743
31072
4450
11850
25405
12813
2701
18543
13849
16095
6188
13976
3279
9319
17113
23554
1659
27361
306
26342
8773
14182
15417
21323
1763
1379
29435
4126
25440
5193
16752
31364
19740
23942
20131
9071
16149
9909
26130
4976
7780
1041
16472
204
26635
24368
16137
11217
27629
21998
8158
21866
14622
1447
27410
1010
8029
5801
8459
2630
27103
7144
27453
1310
14159
6900
21580
17053
4882
20521
19312
18470
13263
805
30494
27250
815
32640
6885
11231
21217
1463
5270
21771
25314
18536
13479
31650
7419
18885
30169
27508
10635
11587
22553
9675
16774
20882
25252
27387
25022
18130
4463
570
17249
29956
12742
13234
15811
1726
29235
10453
30046
27683
10657
9969
31768
2579
6593
22532
18116
27039
12461
5585
7146
31680
3532
27443
24523
17736
19957
16306
24992
1816
25303
24916
3619
13972
31128
24757
11088
23124
13500
29530
365
7964
15689
20547
5448
14607
28456
15039
22464
25887
9423
12165
28294
7880
26141
26623
31269
24062
32389
10217
32064
29028
15983
2331
18715
18622
27611
14755
4958
17321
9800
24599
6421
22666
16852
6698
29434
10180
23972
18812
32503
20270
14726
8887
743
4548
3797
13015
27805
10140
28830
20169
21287
18972
30464
8504
7507
20587
14809
19108
29043
28709
24223
18356
21086
30291
15755
4557
3511
3226
25085
11747
24434
24242
27164
7567
28307
13338
2492
26210
1849
21002
13446
9082
13788
14762
13138
21842
10195
5761
10456
25566
29977
28976
18824
1752
14160
31328
19126
2133
4614
505
19706
5531
4152
28308
17879
4662
31508
18740
11418
8521
3587
12592
28293
22819
11239
19572
28205
21778
31137
2026
4641
6524
471
15410
9932
32299
17908
2713
6045
4841
24688
1609
17253
12877
7249
32189
28672
14036
9714
30840
8503
1587
14595
15607
22245
26348
28625
29412
30297
21536
6087
13708
25340
17316
12085
10899
2611
4695
28753
28902
26247
2738
3452
31730
15876
14752
710
12052
8158
1424
8371
19792
25947
15305
13376
4421
14828
2046
28705
352
28317
2595
31565
21585
7344
32383
18620
31163
23429
11265
7279
6960
3518
3287
25010
10588
2464
25917
13982
18816
8379
15507
20705
14115
19149
27827
8130
28164
30692
15233
20319
12370
19907
12996
4409
15647
21639
10804
19955
19219
22154
14291
9303
7005
30600
31361
22938
14575
18176
29387
7905
14315
20957
24069
20483
2392
30550
18328
3985
14106
1299
17564
25620
7201
24209
3498
14997
27872
13255
27371
29283
9217
2826
9845
22032
10071
8750
30936
9661
14612
27374
9203
5783
2364
9869
12301
27554
31577
25790
32545
2998
29809
27074
10872
14535
17717
16336
24189
19561
1147
30649
10446
7570
28142
23756
27791
29602
6404
8183
28931
10914
7217
15920
15965
27849
28763
9747
15571
9541
10381
24781
18933
4152
20975
16952
14397
3072
4086
25671
27879
4027
18648
29093
4098
27402
30275
921
712
13078
28238
5933
4139
209
14512
23951
2992
25727
17455
27575
21120
12916
4188
3402
25277
3359
8062
16063
32018
20551
17612
4800
1166
16789
8927
1747
4274
10835
28262
2873
26056
15987
18716
16918
18295
29907
18679
14803
22933
13503
32674
9921
828
31928
5678
24575
2080
26227
20741
9117
19487
11301
4127
26113
29978
4862
8056
12426
24324
24307
27585
21364
5688
13249
28501
28412
19472
1839
27504
6084
31155
2195
16795
6776
9518
8599
363
8882
31943
29757
32363
18715
15501
31265
599
19668
4660
10495
28555
31764
29472
16500
26554
4114
6336
9481
19171
37
5917
27757
8833
4137
16819
32514
19715
7718
21119
29339
32123
29484
1881
645
25498
7041
10628
18628
4060
2559
13188
7326
26624
2743
2351
14942
16315
18650
30215
6226
27053
27610
26055
3350
21652
4044
2876
11028
2240
7441
26966
30028
6599
17205
29311
20817
24697
6935
12843
23188
4374
13386
13489
31461
447
4540
8537
27703
13611
22933
15030
1956
32155
15458
14646
1457
19472
22387
13303
5074
32699
5761
3036
25393
18869
22677
3297
5291
30960
23588
14763
9755
17006
13951
30052
17628
22960
23147
32709
10633
28018
29195
30580
24839
23701
4103
22161
9926
14173
31719
7563
13379
24796
7616
8249
10706
25774
19731
10534
29850
21735
1778
26412
21985
17482
20324
22852
28554
12476
16907
11420
31195
29176
5636
16618
1668
131
6415
18177
29917
10467
26096
11681
31600
32524
23061
20628
27319
9755
3704
7670
3367
16454
22471
9685
18541
6931
4547
18426
25591
27593
14822
29701
6326
12324
7496
12224
20002
1869
7619
22445
10367
5897
