21077
19937
19551
20785
1735
2837
31593
11618
24204
17915
28248
10997
7916
9422
4167
12082
25698
11565
32555
5056
18242
26153
30113
31072
13214
24733
490
13020
30827
6590
11827
23609
20960
27634
32282
29236
29471
486
25967
32237
21271
32730
7223
10461
16553
22336
29687
19725
521
30854
4655
21898
872
22320
13348
788
22736
29737
24546
26902
5967
25179
9858
14043
18775
31101
23465
8446
613
11052
26193
32546
21985
11838
3788
29156
13637
29779
28165
9486
31106
7596
25098
525
7072
24385
11207
26278
24740
3853
6676
13284
31926
19117
26099
18773
29059
27689
9234
16502
11233
16658
28568
31851
9393
14285
12830
25075
2314
30510
11514
19356
11668
5193
10180
3635
20785
23172
26643
8575
29411
23025
22152
16687
16106
12251
29966
6672
22316
15775
2655
22403
31450
16829
9931
9519
20817
1839
26165
30963
23614
7930
4958
14622
21766
22530
4198
4835
31077
26914
10383
5383
2901
380
12101
25309
2097
13070
4187
4980
23322
27527
13720
4367
3738
28504
25970
3285
16775
2829
32537
23242
25386
28382
14263
18942
31393
26753
15606
19717
32130
28483
24772
1702
31169
13911
12883
3799
5844
14702
10339
1002
12820
30600
16579
15361
6759
20489
14613
10951
12060
13839
17619
20322
26134
11779
25743
16035
32045
18798
17023
7552
23249
5390
14392
8133
25072
11562
25018
24326
15642
27682
25005
7640
25828
26442
15082
19265
25994
11768
25405
23148
10200
32476
29545
17057
16714
26512
6253
15221
3954
624
10758
2366
8858
18092
2677
28106
15275
7836
13186
4433
24909
14419
5313
30631
20560
17526
10004
21942
19275
5967
22897
23340
3458
24605
15078
17521
25869
27310
1498
18652
14391
7984
28821
14630
31269
13381
26371
25119
21176
18261
4532
1951
32179
20264
20008
3008
9505
7348
31818
5706
15089
24115
17722
20591
5604
22649
16207
2233
21929
19077
4957
21312
21062
12118
1843
31264
6841
20992
4456
21034
18143
26622
23128
18394
8342
9674
20073
14473
26654
427
9619
27620
14278
6350
1055
16797
19140
27289
6318
26465
11108
24124
23422
11017
3173
18057
21225
15636
20895
22533
302
30549
3050
17727
24436
31721
27708
30048
2572
16492
29201
2308
503
22892
22800
8520
10152
6686
2539
7460
21258
23632
4743
16636
11461
1183
26973
31857
11454
5866
32
17021
25052
28423
27039
10175
26386
29108
5870
15123
10650
18896
28608
19558
25726
1483
18968
5577
30045
10587
1313
31427
28268
1904
19289
20972
2491
30827
16373
27831
25018
16522
7042
20880
4859
15015
31688
23591
11065
6947
27379
14347
2458
24349
25077
27002
5169
15335
18982
22648
26311
8890
16941
4638
24283
11432
10788
13365
10471
723
15095
14083
13029
5853
11533
2405
10258
16287
12843
13086
23026
3614
18069
29039
14996
28346
7542
488
19479
27305
11393
3965
10605
7588
6873
30172
3167
13280
5934
20222
29905
1088
22825
32508
21832
6857
21003
12837
26793
18262
20625
333
5444
1165
7194
12391
272
19217
19211
15191
15160
9465
22643
9473
7895
5506
15595
15526
21248
10496
3777
19824
3074
16667
27989
27723
29162
28983
15298
22519
20553
32564
28353
8027
29495
23640
29131
541
21911
10889
26494
16239
1181
8640
18754
18220
23694
27066
10796
291
711
15345
8483
7859
16641
25034
7745
10904
9683
25360
12155
19204
3704
30881
30853
27121
32211
5991
25072
14262
25776
10122
17302
15321
16205
15332
3639
26661
11289
23990
14436
25084
24507
16537
29340
30190
6742
29367
26294
27018
524
23866
1662
8051
1729
10501
11683
16823
13089
23458
6865
26205
3812
16508
1050
25149
30288
29263
19098
15893
2816
6364
4443
472
8677
12001
15222
19017
21130
25672
5499
23753
2972
28831
11795
11629
20649
27080
8676
2900
1320
29426
24245
26424
26810
22472
8659
26690
10415
26599
13747
17187
10956
9878
13016
1888
30027
8881
18423
22253
22564
2791
19802
15358
15243
21030
10114
4378
14266
30802
15632
12145
23024
19261
998
22383
15034
13268
27017
1937
18801
25494
6857
13688
28932
30283
28325
7484
31223
23538
30825
6914
19884
7931
1305
17105
32482
23222
2066
10913
15227
30220
15087
6837
2946
30317
29866
6187
364
32521
31747
32210
16286
20547
22822
5947
30512
23394
27272
29203
17393
16010
16658
22959
2475
15596
1921
12521
13992
1849
30989
7723
3956
26716
11080
15817
26597
10856
12106
20116
27993
18383
19979
3244
26175
15574
25616
11925
2777
3397
8266
14477
23359
21091
10811
6685
5800
25889
29530
18927
14309
30870
14265
21471
6958
14507
29157
3412
12577
16664
17933
25553
25352
143
10343
31175
3163
23606
17104
1454
11654
10075
23987
10067
15339
17252
20523
10100
13099
31748
15212
21898
19361
29621
5471
30694
31280
13410
18060
511
7487
14435
24381
1291
31489
32687
10208
3788
29946
1357
4270
27309
5311
10508
17546
30989
22013
24948
25388
4315
20924
18940
9854
8035
12005
24958
30534
31335
31746
3303
13574
6258
22086
12851
13600
9065
461
32665
15678
6499
22308
13058
31985
28602
10764
30144
19097
27747
3451
8317
10116
10618
6372
31601
20314
30497
4792
20185
22200
3979
9261
22436
7451
20820
31294
29807
5632
29716
30707
7859
11593
27443
24034
1085
19171
27391
2806
21727
14758
17403
14959
6246
30076
2170
25386
8395
9414
12397
7203
27822
16635
12154
10808
3583
12946
12622
6960
26879
25635
28723
4603
24423
4297
23013
10299
15334
20938
30369
2308
29137
12154
18048
10464
1303
14684
2307
16151
11891
27019
8943
25645
4069
22360
5723
31147
3426
32053
16647
16163
7627
5586
21743
14446
10268
21637
16160
18744
16614
31983
28875
10687
23551
7645
16024
6359
18039
29548
19004
28466
31951
13425
10830
30686
12646
20247
17494
12815
5940
22730
3368
24607
17594
13652
9072
2003
17209
14662
30861
18400
7715
19354
31651
9901
1743
19094
31467
15963
24688
14324
12110
27139
18504
28735
9779
22590
28185
29056
32149
9963
20701
29978
9816
27692
13238
24819
8413
20658
24360
21460
26580
7995
646
20755
32081
27992
18858
20335
20002
16756
31465
12091
24417
23058
12615
23487
31301
31318
1766
7131
19005
24519
17349
21997
8512
17747
25767
19189
22110
6036
3664
3319
29340
15953
16631
13473
8190
8008
24569
6702
3813
15914
25035
5514
17819
7656
15410
2487
3629
18221
24758
16239
30329
6187
23892
21259
5767
16795
30067
14755
4381
5375
18201
8567
653
2091
20575
12685
20946
4611
26914
27804
6107
17542
1276
15145
4391
18444
20850
24816
19858
7115
1135
24965
4719
16288
28402
6203
8918
11021
10243
1861
25151
13694
25579
8731
1360
21456
19364
5920
17652
20243
26767
23681
18349
22671
30821
1120
13611
7942
15728
7218
10269
18745
7931
7013
29255
31149
11783
9542
26325
16303
25151
8739
7919
6550
9006
29612
27789
27720
29104
18591
28557
5120
17830
21413
259
29262
29678
26999
26832
7519
12435
19012
4470
5246
320
6743
11818
7643
13307
19957
1835
12683
11791
3204
24659
5585
10058
20211
11755
4252
9577
15701
3012
21072
19409
4047
10883
32201
21376
30389
10045
29086
16194
19952
324
13986
8232
8099
8768
14257
32310
14862
11393
9897
14684
23730
915
12982
30376
16565
17171
29651
28089
137
6082
12173
10871
8905
11992
23306
5889
19555
12187
32331
25063
24060
29487
23726
5274
144
28336
1719
28192
25945
894
14607
22028
15603
10712
11469
31662
10685
10669
15605
30087
12674
21934
1342
29951
29273
31912
24089
25179
7881
1297
23022
29929
1329
26337
10153
7037
9831
30627
32373
18721
8096
15563
30407
31241
27536
14410
29855
1221
16082
25440
1803
3002
905
19377
24812
8915
14408
1692
20220
32116
13871
28360
20240
14512
8791
24575
11419
5563
3697
25920
18036
14498
3241
3343
25049
16185
15057
22544
11955
17493
2235
30164
24859
9020
15846
17395
1054
3930
605
17243
27069
21558
28381
30695
23608
20900
26678
26164
29837
2107
18931
9136
14907
18953
9277
11507
28747
25478
4349
30291
13201
20679
25665
27314
20016
21236
15329
19611
25692
31228
12898
11662
24164
30343
14618
28567
13295
18477
23957
1317
31877
7141
32312
25370
26962
28352
12836
22815
3111
18647
26718
17466
4034
9345
556
20386
17743
21962
27842
14290
11055
1569
32285
17372
20727
6225
6448
26880
15548
2227
23870
19581
13710
7585
25735
6055
5954
31789
22054
21050
4981
29971
20282
14062
973
7661
26436
13899
12674
2726
21456
7103
13853
15153
28504
2286
22912
4475
10085
15177
4391
25502
5623
20450
1197
32343
18983
31102
15250
11194
1035
23788
22587
4644
26586
1942
1082
32626
27728
13398
29136
29808
2132
21131
5808
1172
25561
875
1030
24045
4098
411
32696
3414
2697
9981
17132
21231
4193
1225
458
6862
922
16863
8323
28145
26758
13147
14738
28535
15898
25450
22850
14864
13718
31325
4720
12723
3433
15868
20626
7567
4942
6941
2808
7747
4540
28021
15698
21585
11389
31149
18803
19152
28828
19896
9812
31330
7045
31589
92
30822
23912
24880
11998
9839
6878
30046
8932
30196
29135
18249
13099
5193
1427
11000
26990
4813
22103
17138
13543
24422
10179
23636
9748
8490
15066
20770
6071
19807
24353
25819
26912
2214
7939
20304
11694
10355
2932
27061
30100
26816
27349
12793
5081
10755
20247
6227
1443
19293
22308
19230
24244
29972
8058
29926
24373
26435
9753
8387
5810
8400
9632
14565
14439
29343
11187
21361
1210
21253
28319
16780
27656
1408
9793
5300
20132
27301
27684
3671
32285
3161
26345
11678
25536
14916
17644
20362
28766
19075
18980
5443
14672
21149
30027
1197
26295
27833
63
5947
22280
23822
16297
11016
7113
11162
9692
2596
13205
1559
27904
31787
9574
32299
11375
5661
24852
30687
23903
15465
2328
23634
4802
2891
2454
25775
26730
6488
8347
4444
28017
18520
15267
8564
3544
6227
20062
7800
16238
12527
1715
20545
30195
5369
518
11577
8830
13377
26550
6859
16924
20395
3306
4632
16314
25475
1422
31980
11589
3089
18072
24304
6159
6253
15760
7969
31861
16277
335
1408
7359
11197
7
16651
16199
20454
20099
2541
6110
15282
31920
13298
24683
24951
4957
17725
25813
658
7999
25917
1571
13822
27960
14301
30946
15653
23512
30971
17095
6901
26149
27676
15254
8503
19351
29790
5442
26652
31079
26798
12118
25625
6410
30778
14739
3573
26616
13097
27099
20769
15537
2954
18766
13383
23810
25227
23730
28709
2436
30188
11288
26780
25191
16819
28092
15364
2413
10784
22574
23747
9529
483
24495
26910
10698
16525
25310
13647
2627
32069
2708
15319
14317
444
24844
26645
4734
2403
25671
28440
11676
219
6062
10930
3997
22956
22778
10957
19857
17979
31825
28930
10370
29174
29617
2664
4090
2514
1426
31658
11718
10487
22215
13149
24314
32185
19366
30352
15925
15051
1128
31652
8998
10415
30931
10078
15183
27505
30486
8250
8201
20629
2548
11266
3529
14670
2596
2976
8353
29937
24312
18737
14858
8104
12862
11354
29664
22891
7012
18655
17582
26924
1503
23409
14636
8274
22220
26824
26374
4713
5592
21234
31967
29976
7518
22763
5014
15443
5584
13421
9416
18129
16472
18953
19094
11969
21695
8055
11432
4793
30349
3115
15985
27375
1394
22568
12981
16043
19684
15641
18505
19964
22282
32158
21531
939
26329
1764
11378
17261
23933
20600
22902
26716
3834
28253
12018
1960
18963
2396
13145
19338
5995
12699
30727
31354
29674
16241
18122
32418
2658
13945
18593
402
12402
24293
2499
28725
10923
2325
32483
31492
31730
12137
28595
26233
17445
27219
27303
16327
29186
27312
9723
18888
19524
28248
29175
13879
5646
25331
8306
32543
21133
11023
1429
29843
27610
14704
30177
21152
16669
30375
25971
29568
24568
9447
3207
29200
27939
13843
13628
20613
83
18459
5783
30554
30561
15241
24777
8332
1192
6231
24245
778
31919
13572
20653
21095
9992
21479
25724
26323
5751
10946
28330
8521
19543
2202
18683
24586
11066
3526
31289
5961
31952
10823
2867
25128
3850
22103
11526
8163
11390
14660
5275
29003
29710
12927
12145
10871
21444
30960
5533
3254
11009
17549
23823
23751
22487
13867
12822
10573
13235
29076
22823
21885
17215
7641
32218
15386
7558
16362
29493
32419
20058
9059
18733
21707
14322
17833
23402
28713
14296
30518
15691
18481
4867
10033
10026
25187
27967
3394
18657
27330
20438
9636
9612
12424
873
13180
23697
23320
16671
15721
990
27444
32514
14428
30578
23664
23461
21674
16927
31462
27914
8543
910
16684
30404
31190
30595
21123
19289
29062
610
25937
23786
12831
26355
12754
16662
32726
2402
14602
11291
22524
25482
30718
10046
24022
3698
23331
1646
2473
1304
1559
24868
19988
1134
17295
4749
10146
11427
12689
1259
19104
18339
32227
19513
25388
22753
18115
21517
7055
23124
29656
9411
23757
19135
7017
984
32122
28982
18381
29588
21198
31198
12578
21996
22524
20468
16194
13990
24512
22801
26611
190
1079
30124
15710
8969
18676
27360
16579
26648
9040
6511
19818
1375
23809
9736
12253
9622
1263
30405
15700
29280
25155
10744
32625
24875
7616
27175
18477
18263
5462
17237
16915
31130
3572
23939
20652
31395
14239
16503
21818
31997
14273
1212
11176
15415
11715
5610
29634
28994
26077
27176
31394
26138
11821
21230
22634
27816
519
19216
5689
15592
32653
26104
28759
32327
23423
17458
2227
79
18260
12591
7568
26245
32137
20034
6267
19346
26681
28399
2432
8098
5614
2661
25245
17930
28855
26185
1911
13869
27514
24245
1356
9120
6540
28545
1833
29068
25727
25281
23133
30036
21563
18574
5933
19576
7504
7178
16841
18874
27019
14750
30591
15743
3784
2694
31791
7543
10246
2448
15359
20352
17601
1312
5455
7112
8828
17016
32496
2610
9373
26166
24208
12028
32381
17950
9081
10910
17344
2074
31100
24821
21218
12927
10279
11168
19987
4498
29247
2987
5701
5707
2410
7786
31875
4697
27179
22952
7556
30053
13331
21250
7040
28571
21046
5773
10818
7527
2013
20671
8575
8316
13690
20364
2406
18971
27105
7887
21880
14994
5044
17388
16794
6659
26399
23731
1384
20070
19398
9608
20941
21201
26364
10945
19664
5111
5686
10576
32689
30192
28095
25250
27445
26424
4013
26567
13886
9465
28435
8146
10910
5261
21368
3459
29741
22078
12424
6179
22042
30033
9738
23472
19070
22852
15378
17466
16439
23635
12152
30861
27379
11073
25224
22544
22923
21076
17915
4077
18067
7074
20007
2930
22319
8843
18546
17336
15399
16519
9484
12930
26942
14114
2270
27751
22208
15172
15293
9780
347
17846
18148
10636
7215
19682
22433
31953
10536
19418
14926
16968
27532
15004
387
4727
26832
23445
11658
21970
27568
611
26643
24983
15743
14303
10281
23543
2491
24411
21093
11126
8164
16680
10594
30100
1934
7772
8816
28845
6838
12753
29325
3358
6738
17009
26513
14761
28971
10929
25000
18203
6383
31068
261
12075
21890
3986
23509
17062
14998
24592
20594
713
12155
13234
18394
10734
25912
5941
31839
10092
29402
22082
6304
4792
3084
10152
17079
22992
1512
28394
26548
11993
7693
14073
23371
30982
14322
19010
8137
19645
1146
3051
27212
12021
18376
30298
14132
10211
12628
25336
725
26837
31294
32564
31342
2398
15843
4810
14687
8115
16559
31557
26262
14421
6450
194
17995
28912
28533
26616
5101
14979
18062
25973
14428
1730
1138
22058
12376
25785
11275
24874
14138
20657
32138
26287
2529
15191
28927
24670
22000
3099
16166
5836
10551
8919
27780
20544
30062
7345
2739
23739
31785
24642
9211
9013
14088
13560
1314
5162
4142
27064
22916
9557
32501
20168
19814
15036
23776
1773
10887
8428
1746
29648
8952
31878
7805
16806
15918
21242
28
22032
7254
4243
16485
9792
1000
12212
18105
14430
28031
25953
22431
21546
488
30464
9072
9954
15992
7521
11604
24166
13219
6397
7788
32666
4555
23419
22865
31756
30806
27257
25022
19159
15107
24456
27785
2247
4478
10616
11224
25533
25906
29399
11153
21845
12638
20916
21010
28871
10603
9384
22819
18443
6525
16664
21288
11329
13640
22196
4252
19791
18725
11331
31162
31948
356
6563
12413
6173
15332
25355
3787
24029
6114
22932
21741
12931
14351
25848
7235
6206
27365
23193
25142
24100
11578
17861
16237
19084
15126
1336
8004
17592
8898
25058
2938
16824
3617
747
24617
30858
13891
25333
31740
8582
13624
10913
16540
17658
10786
5204
30571
23825
25486
15675
28277
20217
1029
1932
24996
32580
21725
29199
1075
1423
15189
2270
15972
17250
994
21353
29558
25176
30659
25532
25553
32128
28891
27397
32645
31234
24512
30544
15602
21254
30736
16022
18376
23761
30468
6902
7219
17201
14407
7234
25167
18204
3336
21181
7650
32660
2382
14115
1610
8653
15243
21482
6836
5266
629
5064
18063
21221
29969
22901
10817
25062
4368
17586
23576
24054
9055
18570
13699
25371
7930
30424
130
21670
22017
9481
6491
18452
18701
20003
22671
5939
196
22022
22796
23942
9643
4595
28324
25833
19004
14922
24766
17784
6969
10648
15691
15534
27199
3280
22524
32714
18078
26841
18866
3447
6248
6473
1079
17067
29128
11377
20011
14032
2709
16537
15169
8994
6695
18060
29867
22872
874
19800
26066
3462
1840
15183
8523
30530
28876
6225
4614
3590
28892
19790
19657
25813
6758
32006
5597
26913
13863
23059
28424
2285
24615
7722
16827
1071
9105
1694
31115
28024
2242
31269
8933
7638
18848
15327
25086
8186
8237
20372
22026
22166
25436
29502
15534
25097
26147
20935
27063
2366
19665
21267
26380
10705
19618
11585
20705
29556
2448
6958
16942
29330
1645
23611
25952
11826
23343
24913
32078
23837
9611
19234
31342
30275
26565
7601
28745
8283
18886
19732
32556
17610
28783
1912
1569
18886
24365
24679
12573
14267
6093
16710
14203
19949
27794
17186
24233
19040
14469
21932
5410
26869
29197
22401
14748
24021
19391
943
25218
20242
22391
22645
14756
4492
24488
23371
16430
11538
27376
24098
3798
27594
7664
10733
26202
30931
28506
12896
9258
21032
25163
14072
28513
4552
15068
30011
12794
21012
24820
20545
12865
12664
25952
4467
24711
14669
23845
9875
11546
11262
1812
253
31349
32362
28576
31276
32691
138
1773
24959
12106
31060
23849
5949
30197
14815
31007
22744
26098
27591
32009
8814
8814
7891
3494
18837
7998
22997
12173
13656
2255
13010
3777
22397
26720
12899
25733
19210
22638
1627
28530
15367
23920
18346
12742
31876
14021
22402
27135
27358
15339
6072
31145
3391
6641
620
11892
1636
1327
25836
8585
18339
13108
16854
8478
9260
12544
7805
22600
10639
26996
16270
10513
24958
28678
6388
27851
24788
25529
29944
3748
18391
32333
5805
13434
6074
9138
23435
27120
359
1475
8282
449
4475
12337
27986
8532
23953
4285
11648
10897
5827
20395
30059
30708
9582
3187
7416
7903
12854
21177
12427
11317
16458
23423
32111
3876
15593
28314
15736
9794
10278
30818
9702
8924
15080
10158
23949
13962
11828
10240
7731
16135
1967
19452
1338
25664
3934
15391
22399
23723
21169
32173
15489
19418
22720
26091
13510
28496
27604
19855
20346
3475
7209
6261
25434
23427
24562
26003
20176
19433
29854
31535
863
32083
25946
17231
24642
14880
23255
27762
8272
16087
6221
637
24355
15037
18880
5112
31097
16038
1922
14202
19674
3595
13049
1378
6780
1629
4258
22984
4451
4249
17238
29364
17356
20765
3276
16013
3020
2490
30560
28372
9013
25098
19730
8978
29369
2563
32722
16398
23634
27341
26363
18244
1249
22993
30237
17043
24853
531
20735
6198
2446
30657
24804
23285
6722
10764
20238
27292
8480
10038
2177
30893
24564
26348
12041
17746
25995
3799
7038
10389
16919
25966
21831
15315
23252
26382
8989
14190
8428
12620
6417
22723
12185
14474
18385
25692
5513
31688
28967
6246
19846
10941
26050
9061
10838
29222
28729
29478
14816
25183
29005
28661
25489
9264
4463
30737
17918
28649
11138
12125
6091
31409
21729
30552
4043
19995
9892
9039
6248
15866
11295
15570
21062
28791
6828
27748
10787
11360
13995
23158
1538
25027
2502
7319
19848
8380
20090
741
20902
29323
13522
22983
22392
18665
25718
29662
19053
30621
24549
4152
22953
27722
11519
28871
1191
6283
26310
13586
23331
16961
7269
19755
29751
11820
8562
6369
24772
22713
13168
1846
7443
12571
6296
18964
17852
2717
7129
29243
5063
14391
2589
1918
25618
1631
5326
28975
19954
1825
15768
17112
3357
25714
12145
16683
17096
11458
10455
13116
21004
19920
23385
21486
23438
12738
25689
30635
7263
12917
17168
14937
13345
22290
28627
18825
5740
4066
30868
7921
11120
25699
18091
16156
25563
18331
29143
20576
17405
1708
17535
7697
10793
1449
21822
23540
21599
16040
22943
15862
26921
14104
5669
14366
1987
24405
3983
31425
9086
4218
24921
32501
11878
7287
23942
14151
22307
9315
22941
14513
24093
10515
19698
28614
17892
2539
9254
13872
25294
26100
28145
23644
3554
4911
17695
31604
32500
8233
7129
9102
4626
5072
19494
14883
31775
24453
4530
7362
12990
14194
20685
23557
2930
17694
20150
8901
22019
26686
16154
7562
30243
31183
19160
30277
16465
17761
29703
14402
7678
11446
31546
12376
15598
10635
10754
7523
19938
8630
9909
17652
5748
16753
13678
16454
23106
20470
2645
5492
24398
12876
4385
28906
4517
4192
19931
4889
2623
20567
15076
18032
32039
23587
18489
29063
21211
25940
24566
6557
28918
6961
5145
26948
30220
1800
22921
3931
27862
706
29783
2621
14991
32186
31043
13112
19613
976
2178
7745
18804
15033
9662
8677
18616
18841
20831
7043
22177
24275
18185
17337
18084
18463
1381
10012
6480
20702
805
5932
31094
23211
13634
10119
5260
25651
19080
2908
21075
29254
16469
26403
12216
3886
13470
27275
16632
21567
6450
18100
7944
12719
11331
21663
17460
26792
23074
32739
7174
27548
27722
18849
19049
6361
10656
30649
28174
861
19449
17470
25103
15851
28381
8488
17107
23646
23435
25673
14897
7998
22076
28547
22232
32145
20652
10551
29422
243
9687
22784
28151
10217
17152
15522
15865
17011
25080
26941
7133
31968
14493
19655
20249
3302
16801
25528
23692
13554
653
30471
7337
4541
29445
30294
31960
26144
26957
17002
28697
22825
12300
31709
21227
23150
10576
10775
18028
8353
8915
20090
18113
30309
16253
14301
184
18784
6697
10812
10924
12178
1452
11949
25770
22245
3603
8086
25553
4869
7981
17694
27903
32113
29770
5601
25258
23507
13633
28648
27147
16525
25784
24024
27522
6548
927
15465
29238
8577
3582
21530
12028
26341
13553
15140
8826
24029
31216
5036
12940
12263
3924
31292
12006
15860
8727
14452
2299
2239
28892
4093
17182
29532
21551
12735
23271
5140
7181
13652
13017
1904
26279
9404
16193
31124
21603
28754
31329
22990
15652
24318
25550
27759
19147
20141
3863
11994
7422
22782
1447
16858
23080
12350
32749
20025
20928
18583
14778
6030
5071
8580
26090
12630
8620
17288
1350
2630
7178
17952
9385
16864
4661
29174
18018
31813
22169
21335
31450
10314
31876
20711
27767
27597
25389
6804
25279
10826
29172
1224
193
22953
27115
9187
17072
6490
28822
15336
32466
16292
14319
22646
28056
20794
26541
8443
32015
5904
11206
15652
29559
18028
3123
23960
9520
28480
29171
15589
16862
9399
32082
11450
31941
5134
4459
856
5237
32165
14572
32067
32172
17494
18457
26429
13688
1797
24596
9332
32412
30840
14171
25851
3637
26985
19346
8311
27549
14554
24707
10523
1936
7849
28771
27350
20109
1124
29014
10954
14975
24670
5174
23297
10141
18179
24720
22107
28815
9832
20976
6347
5586
24615
23135
18371
29789
13673
28201
7917
20357
14660
31972
5404
12830
15688
31661
19842
27363
27732
25781
10531
10264
1966
20477
3209
30317
31315
2397
11706
10022
13964
18379
32359
24953
4546
27098
1638
25399
4755
23425
16995
13487
25894
2334
23250
21456
27067
954
18215
6797
4486
14991
12618
25734
32189
28103
11589
14308
5360
16007
6464
30084
665
44
14768
21593
21748
11989
26059
11275
11536
12065
22591
21220
13606
15162
30755
4845
20779
8466
11822
31316
15777
13804
6695
2833
4274
8991
15516
3529
20863
28694
26839
3059
6582
28060
4878
13625
30050
26198
20186
13345
29960
14481
4586
13804
9711
15679
3833
10687
25791
8251
15613
31488
15950
3541
24226
19203
21174
22922
7670
28134
28331
531
4198
11961
20235
13986
14057
7906
17079
16744
20091
29888
7842
31578
1229
15759
14375
11573
25915
26252
22944
447
4606
24921
25908
27984
7587
26530
6640
11922
6331
8705
12057
19589
10197
13855
14785
13766
13737
29
4249
25872
5526
31538
8710
12035
10831
7573
28791
7460
25809
11165
10485
31270
12184
17958
2044
29544
6674
14392
137
29630
22612
18403
22900
7028
27404
3693
13568
31120
950
7088
14001
27224
30995
26813
15197
16148
24535
24005
22406
4885
7074
28474
4071
29174
31794
5681
77
13090
15063
10251
25768
11926
27687
20820
14434
12009
14834
14315
24559
17545
31097
2147
4262
24135
29146
29354
27343
19222
26319
23016
31229
2319
15256
15274
3998
1465
16950
4672
11216
13192
2778
13923
26742
6307
18333
1052
6795
15082
6257
18145
7607
3384
21336
12544
32288
16869
7380
25153
29827
9872
25758
16838
26755
27931
6810
12087
27969
1526
12299
20252
27692
28577
14596
30346
29211
8044
16927
31234
21145
26498
11888
25494
5503
32293
12732
21581
25289
2619
15079
5321
24738
22794
25260
6439
14273
8512
12945
31783
12792
30518
22553
13709
9994
22133
6203
4039
11198
25722
5907
8399
14129
20662
18392
19027
12912
30169
6414
1300
9798
8272
12540
31628
31571
7692
20065
14291
94
31622
8547
26819
10989
4608
12488
603
17938
19213
8040
15713
903
15699
26082
14923
8957
1680
21647
19296
9138
1755
29108
10779
13378
24877
2044
7120
21695
25887
31013
18833
24323
17909
10489
20307
26949
17116
5248
17997
14059
9328
26996
20129
11167
13185
12789
23614
29861
3351
26750
19205
23660
30643
2072
32299
31843
7640
27853
3806
16653
20938
6240
20011
29784
16022
12091
7711
16939
10834
16809
26156
27454
11686
13637
9935
6702
1164
25267
28784
3793
23635
15245
16778
5063
17130
3232
4107
29265
7003
12377
510
22630
15254
17786
6503
25860
6000
15889
22382
20165
7403
23211
6848
22706
9656
26053
15667
2395
8698
17283
13481
22568
24653
10661
15158
17642
5895
5046
17029
3509
4798
18310
13943
30450
11786
32219
21262
22960
30347
868
4490
27707
9006
26094
28881
30960
16301
474
7444
30543
12629
975
15024
15186
30988
12972
22610
12029
22162
5569
19551
18999
12551
19262
403
15576
26798
8939
30440
32515
30192
20762
30393
15286
31140
19931
18727
18847
8845
13422
26044
9778
3108
14078
26702
9976
31384
31372
19750
21802
6164
28457
14434
10110
5952
30824
19608
3649
24330
31251
21692
1446
9126
7453
17732
8798
4307
24792
22665
19560
26977
19560
19057
7211
16368
21624
30539
3522
11514
18731
25082
32407
9748
24661
25942
10547
23152
12268
5327
4948
14503
11449
4180
8768
437
339
20339
18778
3397
20814
10177
1779
9008
15536
4732
9058
3648
14244
30063
26199
19513
2675
29462
13932
32538
3503
1539
22269
928
30386
27520
14394
20748
18503
8566
3450
1574
15270
31629
7635
18306
13734
5013
743
21250
7214
6437
18944
27804
8172
17537
11104
2141
20042
28865
19410
21934
32670
8496
15493
4055
30113
30195
11546
14273
15907
21483
1020
6912
11773
17372
20720
19472
2118
19662
19949
28639
9674
19891
25133
1164
12471
6731
23428
1391
18586
24389
20977
4185
8842
4519
26995
28701
31139
28015
26141
12367
25527
18298
18029
7755
24127
13990
22490
23417
10136
22580
31148
25808
14444
13168
528
13209
29038
147
31084
23414
20810
22248
8176
18850
18139
1582
29038
2426
29599
7998
7019
12861
29289
28653
6518
25104
30294
30260
27576
27205
22018
3726
7117
4316
22268
24994
978
2890
19831
21794
3007
5754
25666
1011
20727
20498
8442
398
27678
13559
30846
27814
18731
26899
1955
5387
17854
11350
17449
14542
2483
8442
14830
7334
19959
18188
10338
914
1434
20776
5179
18880
7462
13956
8554
9902
17456
9775
18765
23183
29996
16283
16678
19184
12166
13402
9420
21147
6126
14117
14752
18619
29427
23586
24003
834
11731
20071
30598
22664
27025
32442
31010
25652
15433
12186
19626
4960
7361
644
15421
15352
11328
27247
10880
17251
21155
10137
12107
6246
24749
12421
27811
1093
11423
11332
12265
5931
23816
25077
13136
13259
21983
16776
5013
32328
31695
27079
19946
12882
16850
20374
23091
9363
13569
27257
13684
29513
31403
2648
28810
10804
29860
14975
5914
23986
32735
21993
712
297
319
12478
28329
31909
13483
31514
24314
17858
29281
16656
12562
32717
24204
11247
26517
26406
14104
26819
1771
3048
13253
22559
5616
8140
11386
27418
5869
23371
31197
20888
3272
15875
17440
24011
24695
11868
13341
16633
15034
15467
15014
1407
9738
3095
25110
27158
3276
10874
24108
597
26571
21130
19994
16503
12517
25848
25816
19551
28165
5976
27582
19417
26705
7811
21330
35
25508
22585
18015
23724
27198
14347
29511
31515
186
31608
32665
4243
22081
26967
23014
18485
17662
8309
24017
9959
14033
14718
32358
23636
16968
16417
27309
9524
5067
18287
24702
8910
30486
7556
8598
19387
5357
25194
16107
23020
14602
1594
11837
23023
13403
29316
24046
16237
12138
25329
15123
8952
285
12583
24011
3331
23967
6125
20432
29234
29086
12688
8523
17621
15799
13701
16365
16303
17966
14671
17467
19963
27363
30884
10537
13489
31617
26827
8683
24837
23545
6984
520
48
19759
13243
27568
17524
11762
29958
14415
31578
18482
10670
20322
22847
32365
27524
24458
7694
28011
3716
11742
30543
22059
13053
28550
17249
25629
17138
24966
6659
9106
24256
4823
15898
15472
32002
5308
23726
17706
16818
1363
15669
16879
20625
10346
18196
9250
7880
661
99
24075
1999
10877
27120
24268
10638
17531
23687
2710
19394
23654
19313
796
22179
4521
4155
21576
7364
18840
9145
22829
31802
23556
26697
27966
6912
28172
26972
15805
17050
28471
13363
20342
7929
27840
11751
3244
25759
12081
2732
28500
8707
22067
19030
7041
16439
26277
24093
32288
30408
32491
23453
17381
14054
9609
24865
15493
20932
26096
3872
32294
24130
12183
15112
23827
8650
11086
16187
2997
119
31440
3159
30399
14461
5783
24507
12712
27845
15860
17223
1886
17111
11614
14946
825
6141
3851
16450
1581
4517
22973
31592
15429
3336
4575
19049
1612
12809
8400
3572
11213
11616
13951
21521
26943
22007
26936
18599
11897
16788
1981
3905
8556
3257
20889
27153
14608
22985
2481
21046
1183
19307
5916
25914
29442
32307
10292
19423
11912
17792
3053
32283
24798
12192
13670
2145
29500
5435
7614
13858
7900
14318
30761
17812
25008
13366
27715
2226
11092
19088
19108
6020
22082
17374
28596
30624
16709
29965
18624
23793
7472
9717
12110
26551
17103
24448
3758
975
9502
25871
2002
19765
13241
23833
1888
7623
16788
27925
516
10315
17388
19611
19211
17588
32125
5062
14638
20897
27126
18652
3499
20263
32170
28977
20891
5840
3464
10568
7551
21731
29517
2108
32540
9958
16888
21086
29065
866
7806
16160
7046
20198
4288
22066
18447
16974
24762
10218
19761
1605
21501
25833
21789
10249
24415
6396
15739
19311
8433
3392
256
15910
13873
5514
24387
20543
17025
19717
14028
5613
14808
1565
17774
30346
17336
29084
17112
11483
19040
16659
2406
7317
2626
18556
16701
8480
13751
25373
16790
14746
242
8112
7258
13855
10802
30656
2032
19016
21052
5718
6994
10481
14601
29141
4199
3392
12988
15651
141
21731
26839
29705
20340
3992
15277
1757
14387
10227
22555
26974
12437
2396
21875
2271
5812
26455
28601
28072
23754
2568
12818
2969
10051
17398
9593
1552
4375
29967
22452
27405
2646
16108
20102
10644
1285
20055
15143
18259
25640
24074
497
6533
24864
22202
27228
1302
23351
12372
2860
2568
17786
30855
18153
7701
9927
8834
27792
6806
24614
1023
20616
16803
11612
9088
29143
7804
5054
15320
32662
17703
13124
6382
21154
13659
11742
12734
12181
25757
6411
9120
25845
13225
11687
29389
6571
21267
10756
13343
24502
23342
6717
1048
24352
6957
31431
28454
11569
25480
26953
12069
9188
20386
22446
25126
19863
21160
30072
7791
14598
3004
17239
1987
18810
9555
1274
18915
22334
17371
1317
7252
13395
18338
24580
13155
26980
26099
18367
16999
16124
23938
30542
29510
26359
18953
18319
30522
23095
23348
6805
5333
16024
29371
4419
22339
26917
28109
16154
17104
20620
7605
20560
12969
975
13240
22050
17383
31037
9276
11627
29129
18849
17712
13172
18241
11193
11175
15630
18867
17385
3270
990
249
7217
9697
32249
16554
22621
28641
21425
5788
31355
8681
26542
679
19346
18233
9536
23468
15505
27730
2291
1494
21382
10074
5988
24096
30992
32707
13908
32536
14871
31016
7163
17122
20922
17783
18590
9855
3977
25173
15972
29264
28149
9662
27494
19413
27908
32236
31237
5307
1354
26747
31616
15126
18196
25802
8390
24299
31206
26020
30088
28913
20520
1568
20883
11928
796
1477
29789
8011
27411
20466
32477
30450
26593
4733
16288
444
11662
10139
1306
32027
18766
22272
27194
528
29363
12871
20801
25768
32034
4243
211
11463
32132
28023
5966
3108
30781
12051
18524
30101
11106
6016
6340
14733
18726
25967
3206
19426
13974
26636
31526
5844
8839
2601
32328
32588
2252
6296
11901
32353
30124
18392
8797
29728
7571
15605
25558
6029
7431
7593
20419
10213
29918
27591
5056
17190
5806
12249
15933
1489
5510
14088
5330
22511
20187
26685
9426
2898
8133
29830
16931
12061
31340
26299
26701
15495
28604
22113
12752
219
353
16846
22971
26819
20463
21390
31610
4295
31072
5894
1264
16145
15300
24663
3782
10867
12340
27526
3842
12971
12808
30425
6619
28133
17994
23684
9419
12161
5994
28548
32743
27671
22834
8140
31084
7864
10493
10655
24474
4983
15908
21565
21701
15144
32442
961
10665
27752
19577
8778
12798
13790
7675
9305
18252
9664
14382
11386
28161
10904
7170
4647
20673
29000
31844
20457
1533
25675
20592
7360
21447
12351
21986
13509
26084
29088
6094
5390
10787
28631
19858
11986
18158
2419
9736
21965
24607
13750
21248
28134
7701
16211
26861
7184
11014
7286
26334
32366
6806
2053
31408
12218
28585
16421
21890
6631
13430
3585
9322
23557
22750
31431
358
