1 6744
2 27423
3 12120
4 10416
5 28044
6 17276
7 28306
8 22353
9 19709
10 21104
11 27678
12 18609
13 32530
14 23768
15 20793
16 22953
17 9101
18 8311
19 19815
20 318
21 1205
22 28814
23 4279
24 29136
25 948
26 172
27 15176
28 23189
29 9278
30 20936
31 26124
32 23878
33 31603
34 30093
35 10444
36 3096
37 1543
38 7157
39 16749
40 1006
41 10656
42 7961
43 16497
44 30413
45 25983
46 328
47 24257
48 14992
49 30307
50 4438
51 24745
52 12253
53 29098
54 10550
55 10788
56 5463
57 7098
58 15051
59 26714
60 6933
61 32159
62 7932
63 29799
64 19028
65 32245
66 23303
67 21342
68 5480
69 265
70 20503
71 30605
72 9209
73 21563
74 2328
75 9987
76 12139
77 26791
78 6858
79 11088
80 926
81 8452
82 18964
83 11916
84 30680
85 14027
86 27804
87 27035
88 29695
89 31388
90 14228
91 1966
92 22028
93 29663
94 28887
95 25357
96 19388
97 9127
98 13876
99 32533
100 29832
101 28379
102 20233
103 25468
104 24536
105 29591
106 15380
107 15581
108 15220
109 19920
110 31111
111 26224
112 17979
113 3895
114 10074
115 16664
116 23319
117 28256
118 3045
119 31652
120 10288
121 28964
122 9390
123 12366
124 26208
125 5700
126 14720
127 31624
128 9448
129 16974
130 9661
131 28665
132 32097
133 29637
134 19444
135 3010
136 17397
137 636
138 26550
139 4869
140 1998
141 28227
142 12710
143 29608
144 30671
145 197
146 2512
147 5718
148 32642
149 18097
150 7228
151 16583
152 12370
153 9240
154 13250
155 27970
156 19195
157 2071
158 12063
159 15200
160 32062
161 949
162 19529
163 24082
164 10201
165 18446
166 15872
167 10981
168 16566
169 20402
170 16294
171 11909
172 9571
173 14152
174 6992
175 27264
176 29122
177 2423
178 22045
179 8269
180 12034
181 518
182 30407
183 19853
184 28365
185 3137
186 6775
187 15760
188 9923
189 159
190 19422
191 21531
192 24616
193 26019
194 20609
195 30057
196 4057
197 14336
198 24660
199 12143
200 10885
201 32256
202 31627
203 2149
204 18713
205 10790
206 21165
207 5761
208 29052
209 4371
210 29930
211 17670
212 22397
213 30374
214 14510
215 27261
216 10762
217 30311
218 4726
219 5186
220 16546
221 19238
222 19939
223 11075
224 15628
225 14815
226 23820
227 22021
228 30026
229 9185
230 12825
231 15336
232 14793
233 1071
234 22286
235 3499
236 19418
237 23591
238 14308
239 30514
240 6246
241 21345
242 21214
243 24199
244 2780
245 3802
246 17178
247 5152
248 3183
249 850
250 22887
251 22624
252 895
253 18162
254 14166
255 23135
256 26452
257 9778
258 8340
259 5102
260 15378
261 32762
262 30326
263 9942
264 2793
265 11527
266 4566
267 8033
268 10893
269 30353
270 28446
271 16412
272 27622
273 24619
274 24738
275 15066
276 32520
277 18666
278 15155
279 31484
280 9317
281 10185
282 12528
283 25840
284 32321
285 26444
286 20064
287 12024
288 5735
289 9316
290 19902
291 14125
292 27675
293 21651
294 13460
295 31427
296 7759
297 5968
298 28556
299 4750
300 1562
301 13997
302 24706
303 22725
304 21861
305 6967
306 4829
307 7175
308 3560
309 14110
310 2592
311 923
312 25685
313 11414
314 24252
315 2300
316 25554
317 13180
318 7465
319 10901
320 26029
321 573
322 6964
323 15305
324 12619
325 15860
326 14235
327 30262
328 22626
329 13778
330 14295
331 12347
332 9064
333 28099
334 14393
335 23735
336 8780
337 15438
338 25144
339 14356
340 13667
341 32701
342 23818
343 18053
344 8869
345 11903
346 11377
347 1931
348 2841
349 18122
350 29144
351 702
352 21646
353 24965
354 17310
355 4554
356 23436
357 27748
358 3762
359 3000
360 394
361 20309
362 13920
363 13679
364 27489
365 283
366 26218
367 7034
368 1025
369 20280
370 19291
371 14603
372 5987
373 23825
374 9496
375 4160
376 6591
377 7757
378 26552
379 6054
380 28414
381 20606
382 24213
383 8444
384 18034
385 14339
386 1443
387 7481
388 24261
389 9261
390 3329
391 25040
392 17967
393 32416
394 15054
395 21298
396 27372
397 27132
398 7998
399 6292
400 4078
401 13245
402 20205
403 15603
404 31183
405 7520
406 6003
407 24918
408 26633
409 16584
410 25144
411 25684
412 11881
413 5087
414 14730
415 8917
416 705
417 20352
418 9196
419 13853
420 21214
421 15765
422 18865
423 21254
424 14009
425 12924
426 6346
427 11916
428 21233
429 13744
430 23261
431 2959
432 16249
433 7589
434 29079
435 21973
436 18062
437 8947
438 11586
439 28239
440 4077
441 11959
442 29082
443 3229
444 3138
445 26678
446 7388
447 22995
448 13539
449 17860
450 25889
451 10366
452 29630
453 9445
454 8170
455 28130
456 18321
457 11697
458 10236
459 24710
460 30809
461 1405
462 21870
463 24563
464 28684
465 5303
466 15360
467 2488
468 2954
469 25618
470 9134
471 8113
472 30673
473 21731
474 28549
475 9097
476 28529
477 14539
478 26294
479 19326
480 27713
481 3223
482 5097
483 13412
484 8527
485 23140
486 11987
487 29933
488 20765
489 1799
490 17419
491 30247
492 21514
493 3756
494 3865
495 13638
496 25358
497 29884
498 15056
499 21156
500 31402
501 27397
502 31711
503 4614
504 27167
505 29717
506 14754
507 12321
508 25311
509 1254
510 14654
511 12637
512 7233
513 27073
514 32492
515 3544
516 24440
517 29276
518 22933
519 24238
520 4038
521 10566
522 19616
523 28792
524 749
525 6788
526 19464
527 24338
528 15847
529 28029
530 32433
531 7842
532 27094
533 22035
534 31484
535 5589
536 5438
537 8467
538 12697
539 11628
540 5490
541 24527
542 31388
543 30968
544 7244
545 30473
546 30931
547 23777
548 22049
549 5395
550 18263
551 21933
552 9204
553 21301
554 9570
555 17535
556 17898
557 1615
558 5216
559 25822
560 2558
561 703
562 7241
563 20408
564 21238
565 22405
566 10797
567 12199
568 2966
569 17573
570 15633
571 2674
572 23059
573 28877
574 21753
575 17367
576 10187
577 8760
578 22598
579 15752
580 20786
581 32466
582 25410
583 14451
584 4624
585 6045
586 13818
587 23366
588 490
589 17235
590 13388
591 563
592 13501
593 3149
594 11328
595 15345
596 21491
597 13731
598 22172
599 6147
600 17295
601 7061
602 17842
603 10812
604 10155
605 29482
606 13949
607 26499
608 24100
609 11542
610 30700
611 16340
612 16532
613 32737
614 23678
615 6535
616 17024
617 23878
618 27151
619 4565
620 16339
621 22234
622 15346
623 9880
624 3979
625 13806
626 19263
627 11602
628 11955
629 19125
630 4462
631 15217
632 6033
633 13994
634 14629
635 25553
636 6432
637 13868
638 20815
639 28035
640 17089
641 11627
642 13934
643 26573
644 14381
645 31880
646 9778
647 16241
648 430
649 24312
650 12618
651 14642
652 11407
653 23082
654 32634
655 30101
656 20432
657 32617
658 6638
659 25061
660 18719
661 1283
662 12238
663 14969
664 17924
665 31403
666 2322
667 570
668 27996
669 7452
670 7064
671 4959
672 15624
673 3327
674 30323
675 11643
676 28646
677 27919
678 30599
679 9402
680 0
681 11131
682 32595
683 5735
684 6404
685 31371
686 5901
687 18098
688 3829
689 15495
690 15604
691 2993
692 11551
693 26325
694 19170
695 27044
696 29008
697 8289
698 11040
699 17533
700 1861
701 8002
702 20351
703 19104
704 6243
705 2458
706 7844
707 31975
708 17320
709 23997
710 19364
711 30697
712 20960
713 9622
714 19409
715 25212
716 31260
717 31047
718 24275
719 9592
720 19040
721 5392
722 23802
723 20670
724 2204
725 1650
726 16338
727 20857
728 8157
729 13460
730 6392
731 23972
732 28101
733 18405
734 27437
735 14541
736 1081
737 13571
738 6569
739 13848
740 13145
741 28380
742 25009
743 7046
744 28597
745 1043
746 4716
747 19063
748 26813
749 11173
750 30451
751 20846
752 25466
753 1228
754 9895
755 19221
756 11644
757 3619
758 12231
759 11905
760 15380
761 6155
762 20546
763 29878
764 19395
765 13902
766 12489
767 14190
768 5105
769 29955
770 22057
771 11542
772 25314
773 21682
774 15576
775 9754
776 13799
777 20920
778 21197
779 28514
780 8657
781 31468
782 17301
783 15901
784 8107
785 23426
786 19108
787 2237
788 4521
789 15408
790 32745
791 28994
792 5211
793 32656
794 21157
795 9404
796 28710
797 7622
798 9852
799 21515
800 16117
801 866
802 18125
803 10730
804 6700
805 22408
806 9279
807 25132
808 25822
809 27982
810 4252
811 26180
812 1599
813 25701
814 27875
815 4875
816 10332
817 15612
818 32152
819 3006
820 20233
821 25313
822 22879
823 15942
824 23323
825 29673
826 9673
827 31933
828 19928
829 17811
830 5742
831 20525
832 24748
833 28136
834 25148
835 26779
836 17694
837 21413
838 8974
839 20036
840 8449
841 2460
842 21376
843 14374
844 6895
845 31064
846 24322
847 11202
848 2803
849 8448
850 30764
851 18977
852 9094
853 26749
854 10578
855 28181
856 9917
857 20959
858 21335
859 32705
860 31680
861 2301
862 3782
863 8539
864 14462
865 5724
866 8990
867 6449
868 29599
869 14675
870 2158
871 7402
872 29370
873 11628
874 10018
875 25103
876 2249
877 24332
878 18973
879 6090
880 14554
881 21335
882 30472
883 11757
884 28935
885 18254
886 8425
887 3381
888 29095
889 19002
890 26871
891 9425
892 13510
893 22350
894 25005
895 28958
896 27091
897 12936
898 2077
899 24501
900 22937
901 3288
902 26503
903 13479
904 18033
905 13188
906 6954
907 21767
908 7349
909 20171
910 8794
911 6825
912 1911
913 29641
914 15059
915 5418
916 15731
917 3482
918 13645
919 23600
920 6723
921 25026
922 30800
923 22259
924 22482
925 13260
926 9546
927 7421
928 31763
929 19506
930 5087
931 21550
932 20211
933 26237
934 6016
935 12290
936 27788
937 19117
938 17215
939 30231
940 18331
941 5595
942 8161
943 11241
944 12340
945 30237
946 2101
947 20960
948 12980
949 23978
950 8101
951 20366
952 25336
953 28991
954 5899
955 30001
956 26572
957 13761
958 13254
959 13952
960 23206
961 16675
962 19724
963 676
964 20373
965 29322
966 13185
967 23940
968 6516
969 30127
970 14089
971 7749
972 7779
973 5509
974 16091
975 30481
976 20600
977 8733
978 10200
979 10776
980 7857
981 28102
982 23834
983 4053
984 29229
985 9592
986 24271
987 21139
988 2972
989 2163
990 11080
991 815
992 21749
993 17187
994 15949
995 27423
996 31591
997 28999
998 6836
999 16307
1000 26001
1001 2898
1002 4658
1003 6811
1004 23029
1005 17169
1006 16240
1007 23466
1008 27050
1009 5007
1010 26209
1011 22490
1012 29522
1013 2102
1014 11988
1015 31119
1016 21068
1017 32566
1018 27973
1019 13856
1020 3627
1021 27435
1022 28153
1023 31891
1024 7782
1025 22522
1026 30282
1027 424
1028 5712
1029 14075
1030 28735
1031 3354
1032 19787
1033 13918
1034 29791
1035 11297
1036 22329
1037 10183
1038 9671
1039 27963
1040 24884
1041 14908
1042 5243
1043 2348
1044 18047
1045 2881
1046 6650
1047 7491
1048 29116
1049 21313
1050 25621
1051 23264
1052 24159
1053 12592
1054 8704
1055 20531
1056 20066
1057 22895
1058 1962
1059 11846
1060 2107
1061 11248
1062 6986
1063 12350
1064 12555
1065 30106
1066 314
1067 2014
1068 5912
1069 24815
1070 14857
1071 29516
1072 125
1073 23020
1074 1740
1075 24600
1076 21024
1077 26928
1078 26548
1079 16250
1080 8933
1081 19041
1082 26854
1083 28635
1084 3873
1085 16844
1086 12678
1087 24471
1088 24658
1089 30027
1090 2325
1091 19714
1092 23821
1093 19564
1094 18174
1095 18345
1096 21815
1097 7119
1098 24683
1099 22234
1100 15992
1101 8144
1102 2141
1103 26982
1104 29933
1105 2662
1106 5628
1107 29349
1108 29725
1109 10315
1110 9516
1111 22715
1112 7215
1113 24926
1114 9568
1115 6170
1116 22362
1117 6213
1118 19123
1119 16456
1120 13212
1121 11606
1122 5429
1123 11747
1124 17583
1125 10424
1126 25218
1127 9698
1128 25145
1129 20421
1130 15770
1131 13853
1132 5699
1133 10675
1134 24812
1135 32528
1136 20460
1137 14196
1138 7860
1139 19163
1140 11870
1141 25306
1142 9095
1143 5518
1144 30722
1145 26879
1146 18220
1147 27300
1148 4592
1149 17380
1150 24494
1151 15309
1152 2986
1153 22360
1154 19119
1155 5361
1156 4873
1157 25884
1158 8447
1159 20849
1160 25719
1161 3140
1162 18542
1163 14000
1164 2911
1165 22496
1166 22494
1167 6098
1168 1762
1169 8412
1170 412
1171 26307
1172 9932
1173 18213
1174 30704
1175 22139
1176 13510
1177 1549
1178 32754
1179 29313
1180 15821
1181 26609
1182 9888
1183 20398
1184 4066
1185 7449
1186 19502
1187 14900
1188 16387
1189 14815
1190 31133
1191 1247
1192 19547
1193 8212
1194 13455
1195 23962
1196 11958
1197 6047
1198 17754
1199 19252
1200 29495
1201 23143
1202 9051
1203 14436
1204 10061
1205 6004
1206 31629
1207 12299
1208 13539
1209 12625
1210 1369
1211 11962
1212 32215
1213 15284
1214 6576
1215 11636
1216 19374
1217 31840
1218 16472
1219 18869
1220 26502
1221 29515
1222 10115
1223 11954
1224 28235
1225 11772
1226 14758
1227 9187
1228 13614
1229 27192
1230 17800
1231 25791
1232 21075
1233 19421
1234 27802
1235 9671
1236 7626
1237 10766
1238 19334
1239 27333
1240 16065
1241 14224
1242 4362
1243 4694
1244 6392
1245 2676
1246 30471
1247 15014
1248 11893
1249 18167
1250 20949
1251 25467
1252 18808
1253 29094
1254 10714
1255 29045
1256 689
1257 11462
1258 4955
1259 30356
1260 30641
1261 25842
1262 14481
1263 25594
1264 17823
1265 12550
1266 18944
1267 2290
1268 7212
1269 26940
1270 18692
1271 818
1272 31944
1273 14741
1274 24749
1275 1117
1276 31255
1277 13179
1278 16588
1279 4300
1280 2974
1281 8868
1282 12110
1283 7054
1284 18883
1285 10553
1286 17353
1287 9133
1288 9716
1289 26424
1290 341
1291 14003
1292 29478
1293 12567
1294 17053
1295 31853
1296 21121
1297 6570
1298 11318
1299 12271
1300 22617
1301 21318
1302 6447
1303 10712
1304 32097
1305 11303
1306 13801
1307 24536
1308 12315
1309 10767
1310 15656
1311 32111
1312 6803
1313 2352
1314 2923
1315 31223
1316 28749
1317 8780
1318 31865
1319 20452
1320 22652
1321 31771
1322 18237
1323 14667
1324 18548
1325 3053
1326 19411
1327 5537
1328 25186
1329 27024
1330 2019
1331 23750
1332 11323
1333 31348
1334 9518
1335 17217
1336 13042
1337 22541
1338 22118
1339 29646
1340 28142
1341 30073
1342 30275
1343 534
1344 30395
1345 18531
1346 7379
1347 31421
1348 26880
1349 31015
1350 7954
1351 13473
1352 32433
1353 24118
1354 11450
1355 18273
1356 15493
1357 18109
1358 92
1359 19229
1360 17067
1361 22657
1362 21936
1363 17789
1364 5561
1365 1293
1366 6698
1367 26613
1368 29669
1369 23056
1370 3021
1371 839
1372 2679
1373 12545
1374 14916
1375 21577
1376 8062
1377 516
1378 7727
1379 3560
1380 962
1381 24081
1382 15035
1383 17517
1384 24827
1385 21587
1386 32117
1387 7679
1388 14400
1389 18126
1390 20576
1391 27753
1392 9410
1393 29253
1394 4676
1395 5150
1396 14010
1397 11611
1398 26954
1399 25722
1400 31392
1401 8952
1402 9158
1403 17739
1404 158
1405 3054
1406 6996
1407 23952
1408 30788
1409 11229
1410 20006
1411 6017
1412 13437
1413 5460
1414 8860
1415 9679
1416 11202
1417 31032
1418 2325
1419 28204
1420 18573
1421 1386
1422 28678
1423 32014
1424 7697
1425 5796
1426 15945
1427 26288
1428 21800
1429 16804
1430 18359
1431 14682
1432 25997
1433 30605
1434 28664
1435 25827
1436 28491
1437 18826
1438 28570
1439 15220
1440 18549
1441 4020
1442 28513
1443 28558
1444 4888
1445 30518
1446 28126
1447 13135
1448 28526
1449 15278
1450 9027
1451 23793
1452 7764
1453 4055
1454 22390
1455 13459
1456 10238
1457 31078
1458 24164
1459 20284
1460 23274
1461 9265
1462 11928
1463 6941
1464 14098
1465 28822
1466 17932
1467 278
1468 6502
1469 16667
1470 20799
1471 16252
1472 15225
1473 19282
1474 18567
1475 25114
1476 23419
1477 28672
1478 30633
1479 31605
1480 8295
1481 24189
1482 9127
1483 853
1484 3709
1485 1886
1486 17113
1487 32384
1488 8179
1489 8786
1490 31551
1491 21449
1492 21992
1493 19274
1494 23318
1495 29257
1496 21913
1497 31453
1498 32681
1499 11501
1500 26071
1501 24042
1502 7786
1503 28465
1504 24761
1505 20607
1506 9281
1507 12074
1508 28046
1509 32761
1510 24356
1511 16586
1512 5909
1513 30829
1514 26088
1515 28256
1516 4593
1517 8519
1518 12887
1519 31326
1520 18263
1521 27953
1522 8578
1523 28255
1524 30730
1525 16695
1526 20057
1527 23400
1528 2953
1529 22312
1530 31352
1531 28526
1532 24454
1533 7999
1534 31044
1535 1049
1536 11163
1537 25858
1538 20791
1539 2760
1540 19769
1541 15211
1542 1912
1543 31189
1544 4065
1545 29766
1546 18863
1547 7962
1548 17814
1549 9946
1550 27159
1551 31668
1552 17298
1553 2507
1554 25045
1555 3334
1556 5944
1557 9279
1558 19848
1559 9985
1560 1866
1561 6720
1562 6177
1563 17315
1564 13660
1565 6242
1566 18421
1567 27582
1568 29576
1569 8869
1570 8720
1571 7419
1572 8804
1573 19100
1574 6092
1575 20766
1576 11057
1577 4303
1578 12963
1579 2700
1580 27221
1581 30047
1582 29250
1583 2570
1584 7692
1585 31720
1586 20702
1587 4551
1588 11610
1589 9899
1590 25035
1591 22941
1592 23364
1593 11501
1594 15947
1595 6292
1596 14911
1597 28826
1598 13476
1599 18344
1600 29673
1601 30510
1602 28021
1603 460
1604 14583
1605 27093
1606 31561
1607 9518
1608 28014
1609 24785
1610 2157
1611 6589
1612 25879
1613 32285
1614 5887
1615 24809
1616 17452
1617 6992
1618 1864
1619 21161
1620 22616
1621 3779
1622 22604
1623 11203
1624 32223
1625 19446
1626 22174
1627 20808
1628 25880
1629 25392
1630 11641
1631 27997
1632 19492
1633 9318
1634 3597
1635 18753
1636 218
1637 26974
1638 24855
1639 2188
1640 16129
1641 19221
1642 14004
1643 10677
1644 16066
1645 18013
1646 26743
1647 28631
1648 1884
1649 5066
1650 8633
1651 6581
1652 23066
1653 14031
1654 16944
1655 2555
1656 18819
1657 2085
1658 20164
1659 17607
1660 20688
1661 16236
1662 25757
1663 26215
1664 32675
1665 16405
1666 25217
1667 30565
1668 3573
1669 11647
1670 15453
1671 16832
1672 27728
1673 2656
1674 11553
1675 2941
1676 9279
1677 26471
1678 15057
1679 23134
1680 7428
1681 25888
1682 16601
1683 9458
1684 6280
1685 3351
1686 29858
1687 5326
1688 31896
1689 17984
1690 6242
1691 15897
1692 15437
1693 26774
1694 20536
1695 28750
1696 30156
1697 13315
1698 19832
1699 1085
1700 6192
1701 11904
1702 17476
1703 19283
1704 9669
1705 11645
1706 24412
1707 1052
1708 26231
1709 3715
1710 9782
1711 30726
1712 7818
1713 25368
1714 2386
1715 9832
1716 7563
1717 5091
1718 2248
1719 8386
1720 14726
1721 16144
1722 10531
1723 31815
1724 2681
1725 22006
1726 10865
1727 31896
1728 31241
1729 15863
1730 13723
1731 23507
1732 31604
1733 30888
1734 29683
1735 21452
1736 32711
1737 5938
1738 17676
1739 19610
1740 31313
1741 31993
1742 1742
1743 21590
1744 2391
1745 13691
1746 9161
1747 17439
1748 5897
1749 24954
1750 23498
1751 13921
1752 1717
1753 32605
1754 31404
1755 12887
1756 16955
1757 4820
1758 29041
1759 12495
1760 15297
1761 28603
1762 1426
1763 24110
1764 14247
1765 11329
1766 2706
1767 15795
1768 29373
1769 32329
1770 23001
1771 4608
1772 30900
1773 2064
1774 31936
1775 11990
1776 16083
1777 22544
1778 15593
1779 6176
1780 22251
1781 8229
1782 3793
1783 4659
1784 20109
1785 26607
1786 2728
1787 1876
1788 3706
1789 15991
1790 26464
1791 26234
1792 20059
1793 12053
1794 11268
1795 24406
1796 28851
1797 32145
1798 2891
1799 8081
1800 23313
1801 28040
1802 7533
1803 30037
1804 7818
1805 6417
1806 27701
1807 31502
1808 1126
1809 6817
1810 1367
1811 12402
1812 21274
1813 3628
1814 1797
1815 9407
1816 24439
1817 11661
1818 23229
1819 5699
1820 15904
1821 3112
1822 4709
1823 11042
1824 10561
1825 13774
1826 7065
1827 10068
1828 28286
1829 13537
1830 15684
1831 17389
1832 31018
1833 17336
1834 4973
1835 2977
1836 19642
1837 11588
1838 32084
1839 24711
1840 889
1841 8436
1842 12734
1843 3869
1844 9597
1845 32215
1846 28045
1847 4749
1848 27609
1849 22785
1850 28819
1851 28206
1852 17428
1853 17199
1854 15528
1855 16462
1856 10202
1857 4526
1858 19194
1859 29231
1860 7410
1861 11896
1862 11173
1863 10575
1864 29040
1865 13217
1866 17284
1867 24044
1868 2092
1869 22001
1870 7238
1871 15048
1872 18802
1873 25299
1874 31428
1875 10794
1876 3067
1877 21869
1878 12177
1879 13349
1880 2588
1881 18193
1882 21971
1883 4636
1884 14142
1885 16084
1886 29778
1887 7046
1888 2446
1889 9340
1890 13519
1891 28655
1892 3062
1893 23200
1894 9623
1895 575
1896 19531
1897 17418
1898 14680
1899 26943
1900 31176
1901 14432
1902 31026
1903 6489
1904 18363
1905 11268
1906 7441
1907 27552
1908 26750
1909 3896
1910 32315
1911 5648
1912 13481
1913 10374
1914 6181
1915 30998
1916 21126
1917 28255
1918 2955
1919 26195
1920 29125
1921 9218
1922 22463
1923 17565
1924 28529
1925 15775
1926 15938
1927 13638
1928 30243
1929 20412
1930 1169
1931 7841
1932 28278
1933 3545
1934 2113
1935 16323
1936 21434
1937 7247
1938 22862
1939 12679
1940 16621
1941 14718
1942 20145
1943 30933
1944 18919
1945 551
1946 18736
1947 3619
1948 29908
1949 21783
1950 6266
1951 32315
1952 26599
1953 6662
1954 13939
1955 2111
1956 8013
1957 28606
1958 19661
1959 23787
1960 16224
1961 1408
1962 14552
1963 25371
1964 22302
1965 9123
1966 411
1967 9613
1968 9945
1969 10110
1970 29731
1971 19943
1972 16175
1973 30344
1974 23067
1975 20732
1976 3133
1977 11454
1978 32413
1979 12363
1980 8464
1981 2629
1982 30024
1983 29896
1984 22364
1985 25681
1986 22419
1987 18144
1988 6001
1989 7493
1990 27744
1991 18359
1992 23658
1993 26652
1994 28117
1995 4020
1996 18600
1997 23303
1998 24935
1999 30271
2000 24191
2001 5463
2002 13879
2003 1737
2004 12590
2005 31902
2006 7586
2007 18189
2008 8725
2009 21777
2010 21011
2011 12950
2012 32290
2013 14641
2014 16412
2015 3970
2016 3981
2017 13483
2018 17862
2019 133
2020 30661
2021 1660
2022 31781
2023 30769
2024 26026
2025 20056
2026 16175
2027 29044
2028 31740
2029 10573
2030 26574
2031 4450
2032 31763
2033 420
2034 27699
2035 5684
2036 2257
2037 5640
2038 23150
2039 14225
2040 5590
2041 31722
2042 24891
2043 23565
2044 22258
2045 8483
2046 23327
2047 18416
2048 17376
2049 4315
2050 4020
2051 10552
2052 1073
2053 32682
2054 8001
2055 9441
2056 22406
2057 25342
2058 19598
2059 18787
2060 19970
2061 6077
2062 6391
2063 2685
2064 25855
2065 23595
2066 26302
2067 10801
2068 23552
2069 8461
2070 5542
2071 13072
2072 21991
2073 30223
2074 19901
2075 26551
2076 6761
2077 5475
2078 27769
2079 19354
2080 3006
2081 21163
2082 18438
2083 10496
2084 9373
2085 28953
2086 15583
2087 14415
2088 4711
2089 9428
2090 14748
2091 19594
2092 16291
2093 17310
2094 15626
2095 10520
2096 25258
2097 26805
2098 31361
2099 25799
2100 25763
2101 4086
2102 6258
2103 32272
2104 13490
2105 27720
2106 15680
2107 1181
2108 23405
2109 32056
2110 24145
2111 31752
2112 25232
2113 10209
2114 1380
2115 23526
2116 25841
2117 22287
2118 37
2119 20740
2120 23222
2121 26276
2122 11774
2123 9200
2124 30149
2125 24122
2126 24625
2127 26811
2128 8828
2129 16137
2130 36
2131 23550
2132 163
2133 26891
2134 28667
2135 4379
2136 26782
2137 23391
2138 22892
2139 21957
2140 20711
2141 21484
2142 24271
2143 28355
2144 10172
2145 4678
2146 25205
2147 4592
2148 29973
2149 16853
2150 22587
2151 16775
2152 22745
2153 20276
2154 21855
2155 27805
2156 14673
2157 11479
2158 21138
2159 30959
2160 13789
2161 19185
2162 21582
2163 6622
2164 12774
2165 18068
2166 28009
2167 6328
2168 3091
2169 5146
2170 20459
2171 29241
2172 21952
2173 10437
2174 24605
2175 27986
2176 7852
2177 26530
2178 32226
2179 3880
2180 10481
2181 21939
2182 30794
2183 4192
2184 6458
2185 22860
2186 24421
2187 14234
2188 30512
2189 2238
2190 10325
2191 15675
2192 4661
2193 19507
2194 22439
2195 7280
2196 7765
2197 22233
2198 9700
2199 30064
2200 7545
2201 15171
2202 21090
2203 25857
2204 26846
2205 7948
2206 6240
2207 30013
2208 28358
2209 20925
2210 31314
2211 2966
2212 30830
2213 19184
2214 22394
2215 30744
2216 3135
2217 21430
2218 32696
2219 2542
2220 16456
2221 24375
2222 14755
2223 19752
2224 4332
2225 22168
2226 28376
2227 21947
2228 4056
2229 23586
2230 29331
2231 15305
2232 32569
2233 18848
2234 5756
2235 11555
2236 11563
2237 28168
2238 451
2239 14349
2240 9076
2241 20062
2242 32366
2243 13121
2244 32626
2245 28118
2246 12530
2247 26422
2248 1618
2249 24889
2250 28161
2251 23713
2252 18819
2253 12681
2254 8868
2255 29757
2256 28522
2257 20968
2258 649
2259 11207
2260 29784
2261 11446
2262 28830
2263 13389
2264 30649
2265 3066
2266 21983
2267 15785
2268 27022
2269 24835
2270 23147
2271 6985
2272 11293
2273 12111
2274 13534
2275 9777
2276 32230
2277 7851
2278 987
2279 66
2280 16346
2281 30876
2282 26088
2283 7356
2284 27592
2285 5374
2286 17279
2287 12802
2288 20248
2289 31211
2290 32609
2291 30877
2292 23995
2293 13022
2294 302
2295 23428
2296 12642
2297 8984
2298 20019
2299 32154
2300 2286
2301 22339
2302 9347
2303 14457
2304 23592
2305 6742
2306 19529
2307 30830
2308 22451
2309 20920
2310 4956
2311 6596
2312 21823
2313 25768
2314 10004
2315 11078
2316 9214
2317 13020
2318 16477
2319 14847
2320 13660
2321 24168
2322 22025
2323 2628
2324 491
2325 27874
2326 18795
2327 25077
2328 15004
2329 964
2330 16673
2331 18431
2332 6709
2333 17425
2334 9777
2335 23845
2336 27391
2337 2364
2338 30552
2339 12801
2340 5311
2341 3909
2342 26270
2343 15941
2344 18152
2345 17445
2346 29998
2347 23879
2348 4879
2349 18540
2350 357
2351 29629
2352 2975
2353 25385
2354 31529
2355 8900
2356 15054
2357 27914
2358 12924
2359 11304
2360 1488
2361 30404
2362 29776
2363 27615
2364 20554
2365 11957
2366 27037
2367 2774
2368 29705
2369 18888
2370 27826
2371 20209
2372 24820
2373 29594
2374 18633
2375 11341
2376 31039
2377 2523
2378 6109
2379 31688
2380 32226
2381 9974
2382 12992
2383 31427
2384 8010
2385 16372
2386 26472
2387 30758
2388 1614
2389 22941
2390 27017
2391 21157
2392 26980
2393 6369
2394 12650
2395 11330
2396 533
2397 12919
2398 15601
2399 30483
2400 30382
2401 32196
2402 26367
2403 16198
2404 3129
2405 12030
2406 18692
2407 22114
2408 13483
2409 31889
2410 23242
2411 17359
2412 19807
2413 13250
2414 17557
2415 7833
2416 8643
2417 146
2418 5998
2419 13425
2420 1618
2421 27877
2422 24508
2423 8693
2424 8130
2425 23267
2426 17940
2427 16433
2428 10878
2429 32415
2430 12882
2431 2917
2432 22102
2433 6902
2434 9449
2435 26376
2436 2677
2437 1467
2438 14967
2439 25358
2440 9620
2441 14097
2442 3485
2443 26215
2444 3694
2445 26647
2446 27405
2447 25288
2448 10356
2449 1227
2450 3044
2451 30125
2452 193
2453 29992
2454 19003
2455 6815
2456 18256
2457 402
2458 1016
2459 21170
2460 26733
2461 22132
2462 8170
2463 25939
2464 23145
2465 27432
2466 26902
2467 7744
2468 29586
2469 20503
2470 13387
2471 11480
2472 23650
2473 10273
2474 1021
2475 2197
2476 29175
2477 20799
2478 7760
2479 32471
2480 11459
2481 102
2482 18802
2483 19939
2484 24453
2485 21679
2486 8750
2487 28971
2488 25208
2489 9654
2490 16574
2491 720
2492 32458
2493 4415
2494 8161
2495 22117
2496 11855
2497 3104
2498 31278
2499 12534
2500 887
2501 31323
2502 4520
2503 16968
2504 19838
2505 4746
2506 5522
2507 17251
2508 19682
2509 4224
2510 6789
2511 24142
2512 3098
2513 31533
2514 22719
2515 17178
2516 12421
2517 450
2518 9406
2519 3617
2520 22433
2521 13334
2522 22030
2523 25488
2524 21629
2525 6728
2526 4191
2527 25635
2528 24945
2529 28583
2530 8922
2531 24368
2532 6668
2533 1230
2534 29109
2535 26087
2536 20814
2537 3347
2538 7685
2539 9176
2540 6167
2541 23331
2542 24532
2543 8374
2544 2016
2545 20710
2546 18036
2547 20314
2548 9641
2549 1705
2550 21266
2551 3594
2552 28978
2553 28027
2554 8590
2555 31740
2556 29806
2557 28887
2558 5003
2559 18454
2560 26421
2561 23428
2562 12738
2563 23800
2564 15161
2565 954
2566 14235
2567 3644
2568 9275
2569 646
2570 31998
2571 11004
2572 28799
2573 31343
2574 12902
2575 6549
2576 17789
2577 12634
2578 9016
2579 24747
2580 5337
2581 427
2582 29268
2583 16750
2584 23957
2585 26285
2586 1257
2587 18203
2588 3462
2589 10292
2590 3981
2591 28613
2592 5892
2593 27009
2594 31117
2595 21077
2596 3814
2597 8037
2598 2689
2599 26064
2600 26286
2601 12714
2602 5668
2603 19928
2604 5888
2605 19374
2606 6755
2607 20598
2608 20057
2609 8273
2610 948
2611 22806
2612 30717
2613 9489
2614 2985
2615 11475
2616 12081
2617 2164
2618 26053
2619 13301
2620 29355
2621 26535
2622 11918
2623 31928
2624 11335
2625 1892
2626 20707
2627 23376
2628 24827
2629 5144
2630 21904
2631 19241
2632 7437
2633 11590
2634 20768
2635 30067
2636 28803
2637 16422
2638 25587
2639 222
2640 4060
2641 30099
2642 144
2643 3746
2644 27901
2645 14116
2646 27707
2647 2243
2648 23662
2649 3992
2650 11723
2651 9619
2652 6854
2653 27255
2654 24246
2655 17528
2656 18020
2657 30454
2658 4718
2659 2031
2660 8544
2661 12827
2662 18416
2663 20689
2664 12225
2665 23587
2666 6553
2667 32470
2668 1521
2669 23841
2670 7996
2671 6743
2672 23406
2673 23783
2674 13939
2675 19288
2676 13761
2677 4649
2678 9522
2679 16837
2680 16308
2681 3296
2682 19106
2683 29436
2684 8384
2685 32749
2686 21036
2687 20620
2688 26821
2689 19967
2690 7379
2691 23612
2692 25598
2693 23990
2694 21704
2695 15696
2696 27443
2697 30985
2698 24376
2699 15111
2700 1072
2701 15333
2702 8297
2703 16488
2704 26231
2705 22038
2706 17925
2707 19774
2708 14386
2709 9323
2710 2998
2711 30818
2712 5995
2713 25877
2714 11762
2715 26424
2716 17279
2717 2897
2718 32537
2719 24188
2720 31440
2721 30279
2722 21181
2723 20543
2724 24763
2725 3889
2726 13120
2727 2860
2728 32714
2729 4799
2730 5541
2731 28432
2732 15402
2733 2490
2734 32672
2735 19098
2736 19039
2737 13545
2738 21487
2739 18015
2740 32310
2741 28721
2742 14573
2743 288
2744 1531
2745 20735
2746 19813
2747 16720
2748 26093
2749 1003
2750 8100
2751 24529
2752 18415
2753 11669
2754 6866
2755 20479
2756 29568
2757 21203
2758 24194
2759 26863
2760 493
2761 3087
2762 13447
2763 21496
2764 8901
2765 2026
2766 6409
2767 17523
2768 1166
2769 8485
2770 2265
2771 23744
2772 13750
2773 3010
2774 2562
2775 25738
2776 4557
2777 23910
2778 8865
2779 13387
2780 3825
2781 29954
2782 12790
2783 31250
2784 32649
2785 1458
2786 24506
2787 15236
2788 7222
2789 18662
2790 5555
2791 14624
2792 27142
2793 7103
2794 14215
2795 5832
2796 20715
2797 3004
2798 3278
2799 28029
2800 30316
2801 5781
2802 4458
2803 10859
2804 12443
2805 8551
2806 8219
2807 24357
2808 9543
2809 27410
2810 11086
2811 26417
2812 26994
2813 32223
2814 30774
2815 1735
2816 13573
2817 25703
2818 4126
2819 26326
2820 32451
2821 9648
2822 23550
2823 4680
2824 5244
2825 19608
2826 7756
2827 22663
2828 899
2829 32375
2830 16148
2831 14656
2832 25954
2833 25856
2834 7755
2835 15719
2836 25803
2837 28520
2838 24673
2839 24955
2840 3794
2841 11979
2842 26901
2843 29963
2844 17498
2845 20939
2846 30861
2847 4985
2848 24525
2849 890
2850 7846
2851 6654
2852 25361
2853 12666
2854 30857
2855 16110
2856 16823
2857 32098
2858 27775
2859 11837
2860 7029
2861 23908
2862 22534
2863 20291
2864 31446
2865 12333
2866 25636
2867 6076
2868 27696
2869 18445
2870 29691
2871 4115
2872 215
2873 12632
2874 24990
2875 27872
2876 4752
2877 14348
2878 32035
2879 25007
2880 23368
2881 28851
2882 505
2883 4355
2884 13574
2885 18571
2886 30332
2887 15770
2888 5663
2889 24805
2890 10695
2891 8435
2892 7593
2893 14795
2894 17353
2895 2830
2896 17457
2897 28645
2898 7068
2899 12147
2900 1201
2901 4510
2902 18449
2903 17269
2904 4540
2905 20354
2906 7824
2907 20920
2908 27388
2909 3050
2910 5151
2911 26353
2912 26334
2913 3548
2914 13504
2915 31725
2916 1164
2917 23341
2918 9472
2919 16597
2920 6684
2921 32232
2922 25037
2923 11696
2924 13062
2925 14580
2926 12936
2927 31785
2928 13020
2929 28656
2930 347
2931 28306
2932 4149
2933 18018
2934 3533
2935 2090
2936 15339
2937 14865
2938 11667
2939 6811
2940 2182
2941 15535
2942 4009
2943 19655
2944 9719
2945 4283
2946 13730
2947 32452
2948 1418
2949 28070
2950 5949
2951 12069
2952 14870
2953 12085
2954 9272
2955 17788
2956 10358
2957 5158
2958 6249
2959 26141
2960 7229
2961 20502
2962 22026
2963 13092
2964 5286
2965 29858
2966 14933
2967 7865
2968 24010
2969 30157
2970 8273
2971 12946
2972 18966
2973 19873
2974 1515
2975 28858
2976 8187
2977 794
2978 1864
2979 12689
2980 4071
2981 6207
2982 9306
2983 8981
2984 18037
2985 9106
2986 1201
2987 19807
2988 28385
2989 6314
2990 11668
2991 16496
2992 14782
2993 1055
2994 24145
2995 20270
2996 15339
2997 16038
2998 1745
2999 31658
3000 14787
3001 23421
3002 3183
3003 30884
3004 12948
3005 22026
3006 20746
3007 25681
3008 16466
3009 17087
3010 12377
3011 8284
3012 8077
3013 1856
3014 26495
3015 27434
3016 29601
3017 24008
3018 6880
3019 7778
3020 6957
3021 10185
3022 28210
3023 13997
3024 10438
3025 21458
3026 25303
3027 2234
3028 21484
3029 23222
3030 28778
3031 18310
3032 30268
3033 6123
3034 2968
3035 16346
3036 26856
3037 304
3038 3889
3039 27925
3040 22117
3041 370
3042 15230
3043 19243
3044 21603
3045 31473
3046 16342
3047 2542
3048 23042
3049 13471
3050 620
3051 1420
3052 26179
3053 14024
3054 6763
3055 10329
3056 27324
3057 23288
3058 12357
3059 6607
3060 20113
3061 4890
3062 14407
3063 24275
3064 7583
3065 11229
3066 15218
3067 20282
3068 14330
3069 3676
3070 8838
3071 1164
3072 5530
3073 17661
3074 14175
3075 9736
3076 29265
3077 18329
3078 20612
3079 13800
3080 30208
3081 21214
3082 23294
3083 17382
3084 11531
3085 20210
3086 13926
3087 10494
3088 25866
3089 2393
3090 5954
3091 12406
3092 16834
3093 17945
3094 25490
3095 21020
3096 7763
3097 27676
3098 15781
3099 25039
3100 3762
3101 20693
3102 12593
3103 22592
3104 5466
3105 26407
3106 13987
3107 6394
3108 24895
3109 21890
3110 180
3111 22944
3112 10244
3113 14159
3114 18493
3115 3702
3116 28781
3117 3470
3118 2636
3119 35
3120 24855
3121 8893
3122 27767
3123 28342
3124 26471
3125 26108
3126 15216
3127 26086
3128 19136
3129 368
3130 14298
3131 9886
3132 32761
3133 12261
3134 9563
3135 18873
3136 20750
3137 5559
3138 20467
3139 10
3140 11541
3141 8434
3142 31628
3143 5023
3144 13428
3145 13496
3146 29138
3147 3654
3148 21842
3149 9187
3150 8772
3151 10577
3152 3147
3153 16108
3154 2187
3155 27287
3156 7528
3157 30988
3158 19723
3159 4795
3160 22862
3161 26784
3162 21433
3163 16561
3164 17077
3165 9938
3166 11564
3167 28285
3168 10268
3169 21110
3170 7670
3171 11070
3172 1467
3173 14898
3174 12340
3175 13932
3176 17338
3177 29154
3178 868
3179 24670
3180 9376
3181 22330
3182 20087
3183 21519
3184 30734
3185 18861
3186 18471
3187 11809
3188 26029
3189 6542
3190 27019
3191 1314
3192 25701
3193 29302
3194 16105
3195 18191
3196 12752
3197 17637
3198 15051
3199 4118
3200 24046
3201 29484
3202 16213
3203 24224
3204 16154
3205 17802
3206 20949
3207 18575
3208 25148
3209 27029
3210 11420
3211 5572
3212 19265
3213 219
3214 8973
3215 25573
3216 6600
3217 714
3218 3059
3219 14173
3220 26142
3221 30157
3222 9752
3223 7588
3224 27245
3225 17336
3226 11027
3227 17600
3228 19504
3229 11622
3230 1121
3231 11276
3232 6634
3233 8608
3234 22199
3235 21048
3236 20760
3237 31553
3238 22423
3239 1169
3240 100
3241 27288
3242 8482
3243 13186
3244 23067
3245 3598
3246 30765
3247 28763
3248 19169
3249 32265
3250 14486
3251 30802
3252 26788
3253 20496
3254 23512
3255 28872
3256 19918
3257 21807
3258 19934
3259 14541
3260 13503
3261 6045
3262 1045
3263 29669
3264 26490
3265 23452
3266 2757
3267 12812
3268 22430
3269 10145
3270 31905
3271 22777
3272 29337
3273 6069
3274 6301
3275 12960
3276 1560
3277 27
3278 27135
3279 17658
3280 18625
3281 9011
3282 14009
3283 22280
3284 23333
3285 32414
3286 10230
3287 18198
3288 21744
3289 29603
3290 24819
3291 5693
3292 12899
3293 20177
3294 30736
3295 19755
3296 13829
3297 29414
3298 1575
3299 7719
3300 4757
3301 10992
3302 16412
3303 26703
3304 28994
3305 26546
3306 20149
3307 36
3308 10271
3309 27721
3310 22700
3311 24905
3312 13521
3313 11792
3314 29443
3315 11656
3316 20362
3317 27584
3318 27544
3319 7446
3320 10812
3321 16348
3322 8697
3323 17432
3324 12294
3325 12876
3326 25209
3327 20837
3328 22771
3329 3399
3330 30596
3331 10894
3332 26083
3333 31095
3334 25903
3335 2332
3336 6345
3337 9560
3338 787
3339 32024
3340 15639
3341 31714
3342 26716
3343 30929
3344 5239
3345 11879
3346 24093
3347 18905
3348 31676
3349 5566
3350 19431
3351 9041
3352 23576
3353 11937
3354 21145
3355 7526
3356 15503
3357 13652
3358 2425
3359 19996
3360 1963
3361 9351
3362 4484
3363 24395
3364 22898
3365 7038
3366 29443
3367 17894
3368 27029
3369 28527
3370 31071
3371 32387
3372 26090
3373 27692
3374 310
3375 29464
3376 20764
3377 2049
3378 27822
3379 28163
3380 14754
3381 3808
3382 12810
3383 15950
3384 23789
3385 2235
3386 14459
3387 28976
3388 2790
3389 24370
3390 30520
3391 17623
3392 23959
3393 1646
3394 2768
3395 14436
3396 6440
3397 11597
3398 13503
3399 23864
3400 18446
3401 14527
3402 31040
3403 19822
3404 26495
3405 3696
3406 20323
3407 27560
3408 14377
3409 29351
3410 5983
3411 20495
3412 1827
3413 32110
3414 19241
3415 1685
3416 804
3417 27379
3418 7494
3419 638
3420 29171
3421 19246
3422 31197
3423 27422
3424 23070
3425 21700
3426 7696
3427 9700
3428 29935
3429 24363
3430 14732
3431 16791
3432 31900
3433 18447
3434 20063
3435 9952
3436 10942
3437 18421
3438 17163
3439 12809
3440 31492
3441 31263
3442 23256
3443 6660
3444 1577
3445 7087
3446 2158
3447 18607
3448 2339
3449 17935
3450 20130
3451 2134
3452 27806
3453 10383
3454 9105
3455 10873
3456 24744
3457 1360
3458 2539
3459 3024
3460 24750
3461 30050
3462 21650
3463 6541
3464 13223
3465 14377
3466 18532
3467 15329
3468 15503
3469 4613
3470 4180
3471 18881
3472 12055
3473 32305
3474 14272
3475 27114
3476 31899
3477 14316
3478 7935
3479 1315
3480 3412
3481 24279
3482 7737
3483 11714
3484 6607
3485 15007
3486 19067
3487 8305
3488 14493
3489 25051
3490 4362
3491 16946
3492 29773
3493 18488
3494 7416
3495 16289
3496 32151
3497 30675
3498 15094
3499 12665
3500 19930
3501 31206
3502 12137
3503 27226
3504 19913
3505 12967
3506 12992
3507 20938
3508 21600
3509 13421
3510 2052
3511 28793
3512 4638
3513 19989
3514 25008
3515 4553
3516 15470
3517 22692
3518 2244
3519 7821
3520 3430
3521 2093
3522 31253
3523 5393
3524 27571
3525 17398
3526 28135
3527 16988
3528 20180
3529 18902
3530 32189
3531 8369
3532 13191
3533 8417
3534 23664
3535 32604
3536 13441
3537 8008
3538 21631
3539 22443
3540 7010
3541 1914
3542 166
3543 29498
3544 32232
3545 143
3546 29362
3547 18291
3548 15203
3549 28135
3550 15507
3551 10838
3552 28265
3553 27150
3554 4019
3555 17526
3556 9930
3557 26851
3558 26246
3559 25668
3560 32710
3561 17658
3562 27747
3563 5776
3564 26238
3565 15422
3566 6034
3567 10317
3568 9385
3569 8155
3570 10662
3571 30101
3572 904
3573 15195
3574 2572
3575 10733
3576 6940
3577 14094
3578 12005
3579 21961
3580 8598
3581 31152
3582 2065
3583 32083
3584 20239
3585 19782
3586 8332
3587 1128
3588 10617
3589 19273
3590 27134
3591 7139
3592 19670
3593 21510
3594 26253
3595 5151
3596 936
3597 5445
3598 9462
3599 14519
3600 17320
3601 25641
3602 17116
3603 6544
3604 25274
3605 28247
3606 26976
3607 25882
3608 6177
3609 1626
3610 30705
3611 14290
3612 7663
3613 3911
3614 20837
3615 1292
3616 1728
3617 19356
3618 32585
3619 31983
3620 7080
3621 4974
3622 8054
3623 5057
3624 22122
3625 13764
3626 20453
3627 3685
3628 19435
3629 2366
3630 3269
3631 14369
3632 6886
3633 28666
3634 13514
3635 9637
3636 13024
3637 21175
3638 10183
3639 10569
3640 1887
3641 22331
3642 13183
3643 23703
3644 855
3645 22003
3646 17081
3647 25353
3648 20709
3649 21210
3650 658
3651 18963
3652 18751
3653 32155
3654 29207
3655 10852
3656 8428
3657 31994
3658 4115
3659 28266
3660 9264
3661 2416
3662 6950
3663 25108
3664 6091
3665 6933
3666 6167
3667 28635
3668 4579
3669 11972
3670 4715
3671 12035
3672 24382
3673 26233
3674 19255
3675 10014
3676 18612
3677 2301
3678 18994
3679 27859
3680 19684
3681 9414
3682 1294
3683 31709
3684 8743
3685 23064
3686 4361
3687 29270
3688 5314
3689 4209
3690 4799
3691 4406
3692 5472
3693 6948
3694 24642
3695 9751
3696 3007
3697 4420
3698 2412
3699 16955
3700 16809
3701 23747
3702 14964
3703 25295
3704 31270
3705 17627
3706 11456
3707 28273
3708 2288
3709 30637
3710 6650
3711 11249
3712 32295
3713 22313
3714 25958
3715 5716
3716 14918
3717 3373
3718 28531
3719 12831
3720 32342
3721 10993
3722 18320
3723 18386
3724 19553
3725 22434
3726 12352
3727 10162
3728 11306
3729 21069
3730 10609
3731 23243
3732 10267
3733 19199
3734 29962
3735 25910
3736 5759
3737 22315
3738 18883
3739 32152
3740 753
3741 1355
3742 10297
3743 24043
3744 19476
3745 21450
3746 1602
3747 4481
3748 18821
3749 3874
3750 17533
3751 25669
3752 3598
3753 23362
3754 8750
3755 22341
3756 6685
3757 27698
3758 9033
3759 15981
3760 4724
3761 12793
3762 7373
3763 27541
3764 20257
3765 31679
3766 23379
3767 2751
3768 22193
3769 22063
3770 6119
3771 5017
3772 6561
3773 10527
3774 12054
3775 29770
3776 533
3777 22643
3778 20040
3779 22890
3780 11212
3781 27710
3782 2897
3783 14162
3784 22612
3785 1067
3786 6722
3787 30871
3788 29562
3789 6684
3790 5509
3791 30161
3792 15365
3793 22544
3794 3113
3795 6817
3796 25764
3797 1354
3798 19066
3799 23538
3800 16676
3801 20144
3802 4309
3803 25470
3804 21478
3805 28273
3806 11450
3807 5268
3808 20369
3809 30442
3810 10275
3811 19993
3812 24836
3813 17611
3814 788
3815 3534
3816 21903
3817 23669
3818 11124
3819 22736
3820 29026
3821 13991
3822 10011
3823 3429
3824 2629
3825 16474
3826 9260
3827 501
3828 14986
3829 4585
3830 25509
3831 5463
3832 16448
3833 8565
3834 12852
3835 5199
3836 23722
3837 29832
3838 25421
3839 6228
3840 18416
3841 5368
3842 633
3843 17302
3844 3347
3845 19727
3846 12017
3847 32319
3848 25126
3849 28392
3850 21867
3851 6393
3852 20668
3853 11036
3854 15412
3855 30897
3856 17053
3857 15007
3858 5503
3859 12187
3860 18109
3861 24548
3862 3069
3863 10103
3864 8814
3865 840
3866 32173
3867 16658
3868 724
3869 28333
3870 22774
3871 3343
3872 25241
3873 27749
3874 20467
3875 487
3876 30691
3877 19795
3878 22030
3879 21295
3880 16003
3881 6732
3882 7120
3883 19994
3884 29296
3885 29891
3886 31991
3887 24382
3888 3699
3889 27302
3890 5321
3891 9627
3892 8995
3893 16771
3894 27817
3895 14041
3896 6676
3897 31983
3898 30952
3899 30929
3900 14668
3901 9256
3902 22493
3903 13391
3904 31478
3905 2809
3906 1848
3907 17686
3908 3419
3909 8670
3910 915
3911 2853
3912 3853
3913 4457
3914 1610
3915 313
3916 23397
3917 9444
3918 21901
3919 7315
3920 31536
3921 18488
3922 23219
3923 23035
3924 3494
3925 7438
3926 29393
3927 7173
3928 15772
3929 27443
3930 11660
3931 16019
3932 5882
3933 28737
3934 28203
3935 923
3936 20590
3937 21116
3938 8945
3939 15659
3940 23906
3941 15098
3942 1705
3943 22698
3944 23596
3945 23303
3946 8322
3947 12128
3948 13445
3949 24775
3950 30237
3951 16441
3952 31293
3953 7965
3954 9189
3955 14021
3956 26669
3957 27852
3958 20383
3959 25476
3960 1900
3961 32476
3962 10561
3963 2401
3964 22214
3965 16960
3966 28168
3967 9340
3968 1641
3969 30901
3970 8645
3971 3628
3972 7138
3973 7405
3974 29304
3975 8773
3976 4680
3977 20973
3978 31263
3979 18838
3980 19127
3981 25012
3982 21200
3983 3510
3984 24832
3985 3869
3986 12550
3987 6657
3988 14495
3989 16134
3990 30777
3991 19933
3992 21998
3993 15538
3994 32177
3995 17474
3996 22424
3997 7532
3998 28059
3999 29817
4000 9295
4001 1901
4002 1629
4003 20515
4004 8386
4005 24576
4006 7719
4007 638
4008 457
4009 9444
4010 9930
4011 13540
4012 3811
4013 29938
4014 9166
4015 31892
4016 26851
4017 3071
4018 18110
4019 21941
4020 10470
4021 13828
4022 9671
4023 20376
4024 27528
4025 32125
4026 16514
4027 20030
4028 7256
4029 6414
4030 18189
4031 1306
4032 5513
4033 23660
4034 22368
4035 3863
4036 26602
4037 12411
4038 9438
4039 18397
4040 24344
4041 22196
4042 15915
4043 19024
4044 5617
4045 31690
4046 25918
4047 14426
4048 12109
4049 23949
4050 11703
4051 12267
4052 1769
4053 2062
4054 21874
4055 4414
4056 28324
4057 28164
4058 2908
4059 31325
4060 19438
4061 24686
4062 6277
4063 7143
4064 10621
4065 10618
4066 8055
4067 19217
4068 4417
4069 20134
4070 26055
4071 29931
4072 17051
4073 15909
4074 23529
4075 22245
4076 6346
4077 27524
4078 22344
4079 8337
4080 13734
4081 8077
4082 12950
4083 25258
4084 17552
4085 32620
4086 18529
4087 28502
4088 27049
4089 3856
4090 31720
4091 4008
4092 12610
4093 13012
4094 17452
4095 12905
4096 5012
4097 29791
4098 27978
4099 30744
4100 24753
4101 3784
4102 1031
4103 16431
4104 10427
4105 1534
4106 8109
4107 7080
4108 29780
4109 19816
4110 32278
4111 18624
4112 24917
4113 16840
4114 9734
4115 7163
4116 30659
4117 31333
4118 958
4119 31336
4120 19199
4121 13673
4122 13261
4123 18726
4124 15164
4125 25480
4126 28714
4127 30247
4128 27446
4129 5858
4130 21376
4131 32308
4132 15906
4133 22827
4134 26313
4135 5169
4136 29152
4137 11529
4138 11550
4139 19875
4140 10616
4141 16061
4142 8653
4143 30831
4144 31684
4145 2054
4146 23725
4147 32228
4148 23146
4149 27458
4150 20654
4151 30460
4152 25870
4153 2519
4154 22708
4155 21983
4156 31941
4157 22993
4158 1702
4159 18601
4160 11212
4161 16077
4162 26817
4163 14701
4164 13690
4165 10773
4166 14643
4167 3962
4168 25203
4169 1548
4170 11237
4171 5597
4172 23839
4173 28877
4174 20120
4175 11047
4176 12890
4177 2575
4178 12083
4179 7792
4180 19053
4181 22604
4182 15451
4183 23963
4184 28221
4185 2338
4186 5189
4187 22748
4188 11459
4189 4345
4190 13768
4191 16248
4192 13500
4193 28134
4194 18359
4195 31180
4196 30370
4197 4559
4198 27245
4199 1169
4200 8922
4201 14288
4202 18345
4203 4446
4204 22575
4205 10462
4206 21661
4207 4206
4208 5759
4209 13226
4210 31297
4211 1956
4212 18868
4213 23496
4214 6125
4215 23244
4216 246
4217 1041
4218 5159
4219 26916
4220 9760
4221 6214
4222 28602
4223 9243
4224 18800
4225 31222
4226 3848
4227 856
4228 21890
4229 13473
4230 11680
4231 31230
4232 16255
4233 15645
4234 12307
4235 20783
4236 1938
4237 16441
4238 18436
4239 3023
4240 7579
4241 17569
4242 7807
4243 14218
4244 32296
4245 9217
4246 30860
4247 20248
4248 7073
4249 8045
4250 2563
4251 4543
4252 26562
4253 4865
4254 27297
4255 29722
4256 4430
4257 3268
4258 24924
4259 3610
4260 18946
4261 19154
4262 31220
4263 10826
4264 10440
4265 25787
4266 6347
4267 23127
4268 31790
4269 9254
4270 246
4271 13519
4272 8470
4273 20666
4274 148
4275 8233
4276 12719
4277 29502
4278 14174
4279 20230
4280 8356
4281 21502
4282 11136
4283 20918
4284 5267
4285 14449
4286 8360
4287 24830
4288 6080
4289 9242
4290 25948
4291 17944
4292 28683
4293 8364
4294 2704
4295 1020
4296 13087
4297 20849
4298 14712
4299 9694
4300 27373
4301 21996
4302 7067
4303 22264
4304 24153
4305 16318
4306 2345
4307 10121
4308 21042
4309 8134
4310 29070
4311 8990
4312 22120
4313 28300
4314 12871
4315 7184
4316 29561
4317 21472
4318 20468
4319 20558
4320 19501
4321 4542
4322 17839
4323 19292
4324 1923
4325 5749
4326 24221
4327 10652
4328 5867
4329 31240
4330 19906
4331 8397
4332 11445
4333 27349
4334 30746
4335 29137
4336 30410
4337 19828
4338 9445
4339 10163
4340 29082
4341 5090
4342 2114
4343 18408
4344 26453
4345 4063
4346 23551
4347 22485
4348 28510
4349 17556
4350 31408
4351 23442
4352 509
4353 31609
4354 12542
4355 12782
4356 29780
4357 8310
4358 14658
4359 29107
4360 28820
4361 10569
4362 5459
4363 11307
4364 15984
4365 3111
4366 15003
4367 14562
4368 28626
4369 2470
4370 17521
4371 28334
4372 17869
4373 19930
4374 8355
4375 28141
4376 25044
4377 11454
4378 27217
4379 24590
4380 5929
4381 32214
4382 26370
4383 20563
4384 28823
4385 23315
4386 23025
4387 468
4388 15972
4389 18167
4390 8616
4391 26312
4392 16514
4393 32249
4394 21456
4395 7424
4396 16645
4397 30507
4398 19272
4399 5044
4400 13018
4401 22554
4402 23668
4403 16002
4404 10421
4405 24566
4406 9176
4407 31156
4408 14411
4409 3571
4410 8933
4411 962
4412 7618
4413 1774
4414 7954
4415 12311
4416 13157
4417 32340
4418 30511
4419 14104
4420 4509
4421 9792
4422 25334
4423 18275
4424 27420
4425 27363
4426 20708
4427 15444
4428 31068
4429 32041
4430 22087
4431 7630
4432 3400
4433 28825
4434 26007
4435 19768
4436 6201
4437 28798
4438 16137
4439 965
4440 16675
4441 20548
4442 20322
4443 1529
4444 23057
4445 31524
4446 28937
4447 12393
4448 18894
4449 1796
4450 17249
4451 16834
4452 15845
4453 28312
4454 3157
4455 1548
4456 14540
4457 14030
4458 22581
4459 18224
4460 20573
4461 873
4462 19392
4463 9912
4464 12421
4465 24299
4466 23682
4467 17623
4468 13888
4469 14777
4470 25440
4471 22697
4472 14021
4473 25722
4474 15729
4475 7611
4476 18173
4477 2496
4478 28431
4479 15054
4480 5946
4481 27370
4482 32046
4483 1496
4484 14118
4485 25673
4486 28909
4487 18764
4488 22010
4489 31873
4490 14699
4491 28315
4492 21232
4493 818
4494 24540
4495 12795
4496 12794
4497 728
4498 16860
4499 17255
4500 18612
4501 2544
4502 17922
4503 30951
4504 14231
4505 3933
4506 16057
4507 30225
4508 880
4509 30217
4510 28491
4511 27856
4512 25361
4513 29647
4514 26431
4515 23396
4516 5447
4517 24473
4518 10213
4519 27562
4520 21260
4521 10949
4522 18479
4523 22430
4524 12797
4525 2510
4526 2754
4527 30494
4528 2830
4529 4136
4530 6733
4531 23281
4532 14716
4533 17259
4534 24602
4535 6407
4536 17923
4537 27060
4538 10467
4539 11778
4540 21074
4541 5960
4542 3046
4543 6134
4544 22716
4545 16251
4546 18491
4547 3693
4548 5168
4549 19665
4550 3174
4551 31663
4552 9323
4553 1122
4554 23593
4555 6976
4556 17004
4557 14467
4558 2204
4559 25001
4560 6440
4561 3746
4562 28287
4563 4475
4564 5760
4565 23666
4566 28366
4567 8594
4568 18544
4569 24649
4570 21910
4571 22679
4572 6793
4573 22726
4574 8968
4575 16840
4576 1953
4577 16310
4578 27339
4579 24316
4580 5065
4581 11320
4582 15767
4583 15329
4584 8831
4585 8224
4586 20736
4587 18057
4588 32037
4589 17562
4590 22927
4591 4389
4592 7602
4593 23056
4594 19223
4595 24848
4596 4520
4597 24397
4598 29510
4599 12047
4600 2374
4601 13282
4602 8827
4603 31959
4604 26366
4605 14792
4606 22231
4607 9167
4608 25385
4609 14920
4610 7575
4611 280
4612 6138
4613 4632
4614 7841
4615 8907
4616 2480
4617 26823
4618 1628
4619 23169
4620 32528
4621 30554
4622 16837
4623 22809
4624 15891
4625 8760
4626 16576
4627 14261
4628 220
4629 27203
4630 12971
4631 4614
4632 14060
4633 31048
4634 28985
4635 5578
4636 26265
4637 19865
4638 3454
4639 11154
4640 17084
4641 18680
4642 13126
4643 7369
4644 18603
4645 9911
4646 22187
4647 23282
4648 31335
4649 7454
4650 24551
4651 19505
4652 2326
4653 11789
4654 18790
4655 16653
4656 947
4657 27362
4658 25632
4659 30580
4660 24068
4661 12189
4662 13861
4663 20223
4664 25548
4665 6467
4666 10105
4667 4728
4668 27715
4669 15232
4670 28963
4671 31386
4672 25027
4673 22927
4674 641
4675 19991
4676 29124
4677 9823
4678 20702
4679 17120
4680 30986
4681 20462
4682 17734
4683 1184
4684 29
4685 23033
4686 15513
4687 1161
4688 23546
4689 3032
4690 19935
4691 30292
4692 18184
4693 30116
4694 19163
4695 7811
4696 1613
4697 20634
4698 12003
4699 21994
4700 28386
4701 16068
4702 28655
4703 26221
4704 24484
4705 11734
4706 26095
4707 9483
4708 813
4709 24918
4710 15458
4711 27932
4712 28163
4713 26623
4714 8740
4715 24790
4716 27918
4717 104
4718 11143
4719 4886
4720 6224
4721 12513
4722 6822
4723 32350
4724 32208
4725 5789
4726 502
4727 27929
4728 30935
4729 12311
4730 29982
4731 14119
4732 2399
4733 9902
4734 15369
4735 30869
4736 16329
4737 23442
4738 15417
4739 9644
4740 4302
4741 15332
4742 3166
4743 8238
4744 9656
4745 8217
4746 26151
4747 12764
4748 31954
4749 15008
4750 27224
4751 4155
4752 28189
4753 22980
4754 27421
4755 19864
4756 26692
4757 211
4758 12445
4759 23370
4760 31186
4761 7296
4762 27603
4763 311
4764 31395
4765 22150
4766 19353
4767 28314
4768 27032
4769 19598
4770 26630
4771 18435
4772 21135
4773 11859
4774 30714
4775 22175
4776 20627
4777 1796
4778 1271
4779 15545
4780 79
4781 13802
4782 4403
4783 21377
4784 30409
4785 23114
4786 25579
4787 5644
4788 4173
4789 13965
4790 28665
4791 15773
4792 11174
4793 20126
4794 2217
4795 29475
4796 9621
4797 17812
4798 22729
4799 14850
4800 10363
4801 16017
4802 20479
4803 30742
4804 9305
4805 17641
4806 31328
4807 16117
4808 762
4809 32647
4810 30269
4811 14965
4812 27759
4813 13197
4814 31808
4815 26735
4816 12220
4817 23099
4818 11704
4819 32194
4820 9169
4821 19986
4822 7474
4823 7322
4824 5308
4825 21305
4826 17737
4827 16370
4828 4380
4829 32543
4830 25023
4831 87
4832 11225
4833 17250
4834 24268
4835 5615
4836 1554
4837 8176
4838 21173
4839 15291
4840 13655
4841 16492
4842 13729
4843 22553
4844 23065
4845 2259
4846 19369
4847 3725
4848 31326
4849 21855
4850 29998
4851 7872
4852 29881
4853 29099
4854 22895
4855 13513
4856 8058
4857 2841
4858 8026
4859 3756
4860 26658
4861 8817
4862 10403
4863 6944
4864 1818
4865 16586
4866 788
4867 30102
4868 7076
4869 29614
4870 1060
4871 25462
4872 17425
4873 21625
4874 17098
4875 13996
4876 1589
4877 7938
4878 25491
4879 14691
4880 7192
4881 7037
4882 27379
4883 1808
4884 30958
4885 24480
4886 2520
4887 30387
4888 6729
4889 11013
4890 6277
4891 31322
4892 31118
4893 25296
4894 13214
4895 6118
4896 12709
4897 28817
4898 12159
4899 24337
4900 11509
4901 2156
4902 21970
4903 176
4904 28560
4905 6775
4906 8545
4907 27446
4908 20906
4909 29539
4910 27688
4911 4218
4912 15952
4913 20575
4914 17327
4915 14522
4916 19031
4917 27193
4918 22423
4919 1759
4920 14226
4921 15302
4922 13938
4923 4610
4924 14408
4925 1925
4926 19672
4927 14384
4928 1764
4929 24703
4930 23223
4931 3690
4932 9711
4933 14961
4934 21226
4935 4592
4936 23612
4937 17709
4938 22797
4939 32448
4940 16738
4941 5950
4942 20880
4943 28505
4944 28271
4945 27595
4946 14347
4947 10692
4948 9947
4949 30654
4950 12241
4951 15829
4952 3515
4953 6692
4954 712
4955 22703
4956 15159
4957 27607
4958 632
4959 29062
4960 17982
4961 29275
4962 32609
4963 13225
4964 5753
4965 31239
4966 19090
4967 18879
4968 4733
4969 23397
4970 30071
4971 28240
4972 32324
4973 12251
4974 17395
4975 25992
4976 7646
4977 14730
4978 1198
4979 17464
4980 28772
4981 630
4982 17329
4983 10270
4984 5934
4985 30439
4986 2864
4987 17766
4988 15685
4989 32528
4990 9894
4991 28016
4992 4891
4993 23535
4994 7208
4995 29396
4996 12922
4997 19316
4998 20466
4999 3748
5000 32443
5001 14309
5002 1607
5003 10993
5004 21816
5005 30337
5006 14200
5007 13968
5008 8708
5009 22884
5010 27202
5011 26141
5012 11481
5013 6314
5014 2140
5015 1601
5016 12881
5017 22231
5018 24913
5019 17201
5020 7513
5021 17527
5022 20364
5023 2423
5024 29923
5025 9985
5026 13233
5027 25589
5028 20956
5029 18177
5030 14900
5031 31527
5032 29022
5033 2422
5034 7972
5035 6568
5036 14118
5037 14457
5038 25671
5039 23032
5040 13384
5041 16160
5042 11628
5043 24956
5044 1569
5045 23714
5046 14077
5047 19654
5048 8590
5049 4796
5050 6868
5051 12567
5052 24155
5053 21331
5054 22351
5055 22306
5056 22271
5057 12634
5058 19623
5059 4883
5060 28806
5061 6390
5062 9341
5063 24016
5064 7886
5065 21216
5066 22454
5067 4991
5068 14582
5069 22284
5070 18057
5071 31560
5072 29204
5073 12936
5074 5846
5075 31836
5076 18982
5077 1190
5078 19642
5079 9270
5080 2892
5081 22365
5082 20832
5083 25121
5084 10036
5085 22253
5086 23578
5087 7162
5088 2261
5089 11458
5090 29104
5091 55
5092 11872
5093 411
5094 28152
5095 14632
5096 8051
5097 27371
5098 19366
5099 25981
5100 5008
5101 18303
5102 7782
5103 31241
5104 23759
5105 20322
5106 29480
5107 28869
5108 27343
5109 23294
5110 2747
5111 26904
5112 31218
5113 9603
5114 8862
5115 7509
5116 17098
5117 3725
5118 16403
5119 20870
5120 15822
5121 7937
5122 12660
5123 8040
5124 20306
5125 21815
5126 14794
5127 17334
5128 28598
5129 31839
5130 6812
5131 20650
5132 9181
5133 4893
5134 28677
5135 27074
5136 23008
5137 1399
5138 4873
5139 27840
5140 32260
5141 15857
5142 30249
5143 11252
5144 23530
5145 20982
5146 12341
5147 7613
5148 8198
5149 19834
5150 10594
5151 9550
5152 3410
5153 25054
5154 7837
5155 22702
5156 15172
5157 31764
5158 28446
5159 26626
5160 28669
5161 1539
5162 26687
5163 2575
5164 27331
5165 22317
5166 911
5167 4603
5168 12977
5169 6287
5170 19234
5171 4691
5172 15789
5173 8136
5174 22572
5175 12627
5176 923
5177 1406
5178 8142
5179 4705
5180 20944
5181 31486
5182 560
5183 30938
5184 29386
5185 8994
5186 20432
5187 2065
5188 32286
5189 29304
5190 14618
5191 17557
5192 25777
5193 23200
5194 23608
5195 15027
5196 3371
5197 17654
5198 25899
5199 28220
5200 5289
5201 8306
5202 29723
5203 30601
5204 1971
5205 1740
5206 15851
5207 29115
5208 10093
5209 15587
5210 6929
5211 7751
5212 3857
5213 4703
5214 30885
5215 25011
5216 19868
5217 25749
5218 24503
5219 32154
5220 18376
5221 18604
5222 1766
5223 11254
5224 30267
5225 8446
5226 8750
5227 32671
5228 21502
5229 8641
5230 25858
5231 11790
5232 4400
5233 2279
5234 27291
5235 9831
5236 24060
5237 3394
5238 30863
5239 6583
5240 25032
5241 18668
5242 20389
5243 22649
5244 12975
5245 8934
5246 32488
5247 10592
5248 24882
5249 31743
5250 27898
5251 32080
5252 27690
5253 8952
5254 2987
5255 9389
5256 12545
5257 21477
5258 27082
5259 27097
5260 11298
5261 18134
5262 5948
5263 13560
5264 7598
5265 4535
5266 3914
5267 7415
5268 26225
5269 24949
5270 7487
5271 2508
5272 12564
5273 20067
5274 28467
5275 19455
5276 15252
5277 20443
5278 19234
5279 19817
5280 21747
5281 4904
5282 6721
5283 16188
5284 25389
5285 14755
5286 16017
5287 26947
5288 1389
5289 16925
5290 26292
5291 32363
5292 9857
5293 8573
5294 21504
5295 6787
5296 5003
5297 20138
5298 18130
5299 19776
5300 27386
5301 17836
5302 1316
5303 22148
5304 30649
5305 17934
5306 12130
5307 30687
5308 19622
5309 20614
5310 22394
5311 32599
5312 13382
5313 10200
5314 3635
5315 28516
5316 18615
5317 22775
5318 23231
5319 26687
5320 18406
5321 3693
5322 20627
5323 13916
5324 30722
5325 13054
5326 14198
5327 10805
5328 12336
5329 10120
5330 31192
5331 7498
5332 22912
5333 4142
5334 19814
5335 18534
5336 31775
5337 31925
5338 18907
5339 20259
5340 11471
5341 28718
5342 25113
5343 9392
5344 28309
5345 3030
5346 29560
5347 11730
5348 23729
5349 24890
5350 24414
5351 17449
5352 12499
5353 12191
5354 25360
5355 32437
5356 31116
5357 4256
5358 8647
5359 25497
5360 5379
5361 22553
5362 5383
5363 26398
5364 17385
5365 11076
5366 22316
5367 23546
5368 26799
5369 4898
5370 31814
5371 14547
5372 18166
5373 3613
5374 27942
5375 22271
5376 22343
5377 25835
5378 30905
5379 3726
5380 772
5381 18101
5382 3989
5383 21386
5384 23710
5385 28793
5386 24018
5387 14461
5388 10249
5389 25517
5390 14107
5391 31284
5392 18285
5393 28709
5394 2308
5395 30915
5396 24607
5397 5430
5398 18334
5399 16841
5400 19407
5401 32284
5402 2122
5403 4085
5404 10755
5405 7577
5406 16074
5407 25545
5408 9668
5409 11487
5410 20638
5411 6558
5412 17302
5413 4528
5414 29325
5415 8425
5416 19374
5417 28612
5418 1154
5419 14524
5420 9312
5421 26987
5422 24473
5423 21904
5424 12503
5425 21363
5426 19066
5427 5185
5428 2056
5429 24652
5430 2022
5431 24154
5432 6120
5433 1642
5434 13199
5435 9107
5436 2269
5437 9707
5438 24877
5439 19608
5440 30067
5441 12666
5442 12750
5443 19212
5444 19025
5445 24179
5446 21357
5447 27342
5448 25195
5449 8263
5450 7879
5451 18555
5452 13177
5453 29475
5454 18282
5455 4404
5456 7847
5457 14796
5458 21007
5459 28577
5460 14734
5461 13006
5462 17705
5463 18997
5464 9059
5465 18645
5466 18366
5467 14004
5468 14958
5469 16987
5470 8822
5471 18163
5472 17854
5473 5251
5474 22258
5475 4832
5476 26396
5477 23877
5478 16734
5479 9153
5480 26941
5481 18636
5482 30794
5483 9409
5484 15932
5485 26140
5486 24245
5487 31912
5488 16967
5489 12024
5490 7275
5491 13546
5492 5784
5493 18179
5494 28818
5495 20963
5496 10406
5497 13861
5498 4735
5499 97
5500 14749
5501 8752
5502 5326
5503 15459
5504 31244
5505 19396
5506 32433
5507 21792
5508 3550
5509 21104
5510 3976
5511 29259
5512 3212
5513 1049
5514 24754
5515 32406
5516 20881
5517 15264
5518 22947
5519 7029
5520 12573
5521 4799
5522 10807
5523 548
5524 25869
5525 27444
5526 16198
5527 30187
5528 17947
5529 4898
5530 25977
5531 11169
5532 9554
5533 2228
5534 3676
5535 19055
5536 22982
5537 8451
5538 27572
5539 27094
5540 22145
5541 5690
5542 21778
5543 12531
5544 23744
5545 16632
5546 11176
5547 31490
5548 7776
5549 245
5550 12380
5551 9506
5552 25747
5553 6377
5554 27
5555 26967
5556 3799
5557 425
5558 10864
5559 27349
5560 32297
5561 30867
5562 5717
5563 22396
5564 16501
5565 19757
5566 10569
5567 17055
5568 4178
5569 12809
5570 25762
5571 7433
5572 31980
5573 5356
5574 27941
5575 28226
5576 20033
5577 16942
5578 12500
5579 13070
5580 31121
5581 22372
5582 7943
5583 1335
5584 14863
5585 18749
5586 9918
5587 28812
5588 8669
5589 170
5590 28470
5591 6442
5592 14135
5593 21314
5594 32442
5595 5882
5596 29167
5597 23268
5598 17340
5599 10875
5600 11545
5601 28830
5602 13348
5603 11970
5604 24839
5605 20173
5606 30440
5607 27839
5608 14712
5609 7814
5610 19421
5611 13249
5612 23564
5613 29749
5614 9677
5615 23356
5616 29435
5617 32644
5618 10953
5619 4555
5620 20487
5621 29311
5622 3776
5623 7537
5624 15279
5625 25589
5626 31825
5627 28964
5628 17574
5629 12577
5630 32734
5631 15244
5632 9091
5633 8841
5634 10466
5635 21256
5636 1722
5637 22567
5638 21892
5639 8946
5640 23243
5641 16583
5642 23660
5643 32292
5644 25273
5645 8368
5646 2261
5647 31418
5648 13502
5649 27526
5650 7395
5651 15130
5652 28477
5653 30063
5654 20023
5655 18482
5656 14840
5657 16245
5658 28866
5659 24833
5660 26499
5661 25388
5662 17366
5663 25433
5664 19193
5665 24980
5666 5507
5667 12771
5668 5613
5669 22848
5670 12320
5671 15203
5672 21155
5673 26552
5674 17960
5675 1853
5676 20096
5677 14877
5678 20552
5679 27449
5680 2240
5681 4363
5682 4533
5683 20099
5684 31079
5685 15299
5686 14019
5687 7670
5688 17530
5689 20106
5690 16820
5691 21913
5692 11630
5693 6220
5694 14797
5695 17258
5696 24289
5697 7045
5698 20656
5699 26459
5700 23176
5701 3682
5702 29157
5703 5275
5704 9577
5705 9763
5706 28858
5707 14358
5708 1098
5709 12739
5710 18509
5711 26687
5712 23657
5713 18395
5714 8679
5715 8717
5716 3181
5717 3012
5718 5515
5719 22339
5720 20893
5721 19963
5722 22735
5723 12789
5724 3408
5725 3018
5726 20459
5727 12616
5728 32420
5729 4645
5730 13584
5731 889
5732 17523
5733 18387
5734 18939
5735 16673
5736 15235
5737 25294
5738 18377
5739 28087
5740 3325
5741 3307
5742 269
5743 24918
5744 289
5745 15293
5746 27168
5747 32704
5748 27191
5749 16311
5750 31672
5751 24740
5752 15305
5753 20114
5754 9148
5755 19740
5756 8719
5757 3310
5758 14423
5759 13946
5760 11691
5761 23356
5762 8524
5763 2628
5764 26519
5765 27099
5766 11145
5767 1917
5768 24923
5769 22657
5770 15102
5771 31014
5772 5507
5773 25821
5774 20143
5775 31237
5776 11344
5777 27771
5778 2824
5779 9637
5780 30894
5781 17895
5782 15985
5783 23198
5784 16742
5785 13589
5786 5155
5787 29206
5788 10901
5789 32512
5790 26938
5791 4232
5792 21341
5793 24722
5794 30731
5795 29637
5796 31706
5797 27844
5798 19895
5799 25144
5800 18263
5801 5638
5802 15873
5803 8045
5804 28354
5805 26337
5806 18780
5807 2517
5808 30558
5809 11739
5810 10568
5811 17859
5812 16824
5813 8347
5814 30431
5815 6587
5816 1244
5817 14925
5818 8107
5819 24556
5820 2504
5821 22856
5822 7355
5823 12539
5824 15137
5825 24558
5826 8182
5827 11266
5828 23845
5829 23764
5830 11183
5831 32729
5832 481
5833 32292
5834 18553
5835 6548
5836 3492
5837 21567
5838 19772
5839 7244
5840 24499
5841 10150
5842 28040
5843 1571
5844 29502
5845 26138
5846 554
5847 9858
5848 3219
5849 27394
5850 16381
5851 18853
5852 18066
5853 9998
5854 20739
5855 15706
5856 5217
5857 27418
5858 948
5859 4869
5860 2913
5861 23125
5862 1174
5863 17128
5864 2400
5865 18338
5866 22030
5867 5281
5868 2832
5869 574
5870 31350
5871 28916
5872 18103
5873 21923
5874 1135
5875 203
5876 24361
5877 16557
5878 377
5879 15739
5880 17140
5881 10236
5882 29377
5883 22089
5884 3034
5885 1945
5886 18489
5887 3885
5888 29316
5889 26588
5890 4590
5891 31958
5892 10868
5893 6541
5894 23447
5895 16877
5896 14908
5897 32073
5898 26217
5899 12702
5900 9197
5901 23079
5902 13619
5903 31573
5904 29139
5905 1948
5906 7846
5907 17349
5908 31583
5909 28316
5910 23028
5911 20271
5912 30309
5913 9730
5914 14750
5915 8417
5916 10376
5917 11826
5918 2182
5919 13309
5920 19698
5921 4093
5922 15692
5923 12667
5924 584
5925 25285
5926 30679
5927 18289
5928 21724
5929 32225
5930 32050
5931 1426
5932 14629
5933 22850
5934 9626
5935 25333
5936 2669
5937 24919
5938 28885
5939 20761
5940 25034
5941 16943
5942 13509
5943 37
5944 22863
5945 28126
5946 6716
5947 14452
5948 3971
5949 25121
5950 23570
5951 27984
5952 32530
5953 28997
5954 31861
5955 27902
5956 32451
5957 4676
5958 25729
5959 20988
5960 32170
5961 31794
5962 8720
5963 6534
5964 20383
5965 4311
5966 14292
5967 862
5968 7663
5969 23198
5970 13219
5971 7885
5972 20561
5973 8622
5974 32529
5975 10469
5976 539
5977 23638
5978 7748
5979 8202
5980 22453
5981 32430
5982 20740
5983 12465
5984 18510
5985 28027
5986 18962
5987 24422
5988 12239
5989 6228
5990 28859
5991 5140
5992 15629
5993 32515
5994 24748
5995 27265
5996 4163
5997 9774
5998 7176
5999 27672
6000 7615
6001 16183
6002 9144
6003 5867
6004 10459
6005 1888
6006 27139
6007 22008
6008 27439
6009 8755
6010 21342
6011 20139
6012 15365
6013 29473
6014 14725
6015 10149
6016 19469
6017 14953
6018 9418
6019 11452
6020 18771
6021 31035
6022 12205
6023 29763
6024 32621
6025 24861
6026 18606
6027 27019
6028 18425
6029 21135
6030 18015
6031 24745
6032 24391
6033 12010
6034 445
6035 6010
6036 29010
6037 398
6038 27328
6039 18405
6040 29429
6041 17468
6042 19249
6043 12128
6044 7003
6045 17089
6046 11196
6047 12214
6048 4536
6049 25045
6050 3910
6051 27911
6052 9014
6053 19778
6054 30849
6055 3344
6056 5427
6057 20809
6058 28093
6059 31660
6060 26537
6061 25409
6062 28417
6063 22683
6064 7149
6065 7553
6066 4698
6067 29315
6068 21405
6069 12928
6070 14963
6071 29492
6072 23507
6073 6971
6074 7014
6075 8496
6076 30879
6077 1239
6078 466
6079 23147
6080 1205
6081 16776
6082 4142
6083 11343
6084 14690
6085 16561
6086 26204
6087 11523
6088 12997
6089 21069
6090 26497
6091 31213
6092 1083
6093 14733
6094 4629
6095 32630
6096 28955
6097 21186
6098 7734
6099 28173
6100 7588
6101 20606
6102 22082
6103 110
6104 19507
6105 21494
6106 23972
6107 30500
6108 31417
6109 25771
6110 23022
6111 27980
6112 29805
6113 2890
6114 12841
6115 27293
6116 11198
6117 5072
6118 22632
6119 22181
6120 28812
6121 15089
6122 20900
6123 12629
6124 22167
6125 19131
6126 28611
6127 13504
6128 24632
6129 27255
6130 29178
6131 17440
6132 16719
6133 9680
6134 32597
6135 19482
6136 20092
6137 28471
6138 12180
6139 30787
6140 27794
6141 8581
6142 5689
6143 25058
6144 5192
6145 17634
6146 991
6147 7160
6148 15922
6149 6886
6150 29133
6151 16509
6152 19184
6153 13823
6154 19403
6155 25325
6156 15270
6157 8211
6158 3125
6159 3075
6160 20140
6161 21606
6162 24141
6163 8900
6164 21638
6165 4285
6166 15061
6167 26304
6168 20758
6169 16836
6170 13022
6171 24469
6172 15632
6173 3757
6174 23771
6175 26036
6176 31663
6177 18458
6178 6137
6179 10344
6180 22694
6181 15933
6182 6579
6183 21780
6184 8794
6185 16957
6186 31136
6187 17340
6188 13390
6189 22236
6190 12176
6191 19654
6192 1502
6193 21592
6194 14296
6195 11266
6196 4401
6197 910
6198 20970
6199 5353
6200 9833
6201 29797
6202 3369
6203 23586
6204 32540
6205 4970
6206 6139
6207 23115
6208 9736
6209 17080
6210 1311
6211 27637
6212 1794
6213 31259
6214 31553
6215 13040
6216 15152
6217 12917
6218 715
6219 31946
6220 25976
6221 8288
6222 26111
6223 29330
6224 13112
6225 532
6226 22339
6227 30177
6228 21816
6229 1164
6230 20923
6231 20252
6232 1245
6233 996
6234 26653
6235 4339
6236 27039
6237 11014
6238 30145
6239 21805
6240 29372
6241 13957
6242 26104
6243 13992
6244 31022
6245 24265
6246 1439
6247 11419
6248 15835
6249 11629
6250 4852
6251 11039
6252 6157
6253 16869
6254 32680
6255 11502
6256 26657
6257 18788
6258 6453
6259 2666
6260 8835
6261 11772
6262 2929
6263 16865
6264 1754
6265 16648
6266 29027
6267 5391
6268 22399
6269 25799
6270 26710
6271 8164
6272 9524
6273 31049
6274 22829
6275 19592
6276 787
6277 4239
6278 27638
6279 18589
6280 14020
6281 11758
6282 22978
6283 24516
6284 14579
6285 5300
6286 4275
6287 24418
6288 6657
6289 27150
6290 24150
6291 26532
6292 7930
6293 11817
6294 5171
6295 19904
6296 10952
6297 20632
6298 23203
6299 29566
6300 18342
6301 25590
6302 9698
6303 14328
6304 25815
6305 13516
6306 357
6307 26013
6308 7319
6309 18356
6310 9582
6311 16764
6312 5714
6313 703
6314 2781
6315 8128
6316 22804
6317 1557
6318 29001
6319 8566
6320 8769
6321 30683
6322 2895
6323 32663
6324 5254
6325 18266
6326 17706
6327 1858
6328 21263
6329 11101
6330 22916
6331 11081
6332 23802
6333 24538
6334 10380
6335 20207
6336 15628
6337 26325
6338 1353
6339 11760
6340 24995
6341 20610
6342 27950
6343 1474
6344 12524
6345 20138
6346 24046
6347 25627
6348 11606
6349 5967
6350 15762
6351 16051
6352 15943
6353 23187
6354 2248
6355 14411
6356 28941
6357 20438
6358 15230
6359 14062
6360 17943
6361 7711
6362 10159
6363 12151
6364 24165
6365 9149
6366 11901
6367 19027
6368 7485
6369 24878
6370 3969
6371 17800
6372 4640
6373 2879
6374 16991
6375 14326
6376 16124
6377 2165
6378 3741
6379 6621
6380 3747
6381 23980
6382 21941
6383 13984
6384 3964
6385 19966
6386 17256
6387 27593
6388 18040
6389 12774
6390 22614
6391 22860
6392 11848
6393 18853
6394 716
6395 26384
6396 14030
6397 3813
6398 14813
6399 17323
6400 22737
6401 18845
6402 20148
6403 16494
6404 4596
6405 27700
6406 26664
6407 11937
6408 23785
6409 31465
6410 23697
6411 8719
6412 31202
6413 626
6414 24026
6415 15558
6416 6984
6417 25059
6418 11224
6419 26648
6420 19120
6421 27602
6422 16602
6423 7909
6424 6667
6425 8889
6426 11394
6427 11549
6428 29980
6429 5275
6430 4307
6431 2176
6432 10032
6433 6635
6434 30090
6435 9896
6436 26889
6437 31657
6438 26034
6439 29770
6440 2843
6441 17614
6442 2931
6443 20921
6444 4091
6445 17130
6446 15915
6447 14507
6448 19220
6449 31244
6450 14016
6451 28480
6452 22428
6453 4066
6454 24116
6455 27712
6456 31686
6457 29217
6458 27257
6459 20644
6460 19513
6461 15399
6462 15751
6463 6745
6464 9154
6465 8160
6466 15021
6467 29760
6468 17221
6469 21990
6470 1572
6471 18297
6472 11770
6473 22764
6474 25322
6475 29153
6476 5589
6477 28764
6478 8909
6479 17881
6480 27718
6481 20031
6482 23750
6483 14154
6484 27427
6485 17502
6486 23945
6487 23014
6488 10723
6489 21670
6490 1626
6491 5296
6492 4876
6493 8401
6494 3618
6495 11966
6496 19950
6497 32067
6498 22722
6499 6461
6500 28818
6501 11058
6502 22695
6503 6839
6504 3566
6505 32266
6506 11935
6507 16273
6508 29786
6509 28688
6510 31723
6511 13272
6512 12360
6513 27205
6514 6805
6515 27197
6516 10031
6517 17293
6518 12292
6519 13405
6520 24264
6521 15120
6522 19917
6523 12358
6524 17533
6525 29153
6526 5324
6527 12087
6528 2335
6529 10206
6530 3700
6531 31144
6532 25815
6533 16343
6534 12387
6535 5258
6536 22367
6537 20210
6538 15929
6539 27600
6540 14449
6541 15181
6542 32171
6543 1582
6544 11392
6545 11750
6546 28883
6547 9761
6548 20903
6549 23480
6550 2762
6551 31791
6552 14559
6553 27175
6554 4729
6555 20080
6556 32628
6557 29342
6558 10156
6559 14669
6560 7354
6561 26999
6562 7784
6563 28040
6564 14332
6565 27675
6566 9343
6567 3965
6568 6837
6569 14954
6570 25953
6571 7079
6572 4866
6573 24413
6574 8245
6575 29797
6576 23128
6577 19689
6578 25641
6579 31998
6580 21618
6581 28455
6582 26374
6583 26083
6584 14990
6585 31411
6586 10759
6587 3637
6588 1753
6589 31314
6590 24811
6591 7815
6592 13352
6593 24535
6594 20297
6595 16613
6596 9704
6597 7239
6598 4132
6599 6677
6600 19544
6601 827
6602 31679
6603 26652
6604 22774
6605 32134
6606 8114
6607 27141
6608 5942
6609 20248
6610 32062
6611 29917
6612 15738
6613 29730
6614 478
6615 23042
6616 19007
6617 22907
6618 28190
6619 670
6620 16788
6621 29763
6622 7856
6623 25710
6624 24273
6625 31942
6626 27581
6627 13256
6628 3717
6629 20642
6630 4729
6631 30428
6632 17584
6633 16429
6634 23802
6635 24122
6636 819
6637 19217
6638 31818
6639 1684
6640 9348
6641 4153
6642 18619
6643 1989
6644 16038
6645 29937
6646 23674
6647 29971
6648 12889
6649 18248
6650 15463
6651 12977
6652 14990
6653 24505
6654 804
6655 17544
6656 4125
6657 1547
6658 17004
6659 31288
6660 30138
6661 7542
6662 3751
6663 7257
6664 16422
6665 23559
6666 26811
6667 32518
6668 11938
6669 4422
6670 31268
6671 7580
6672 10153
6673 16405
6674 22343
6675 9151
6676 11742
6677 4059
6678 15363
6679 1950
6680 8516
6681 22754
6682 30346
6683 6520
6684 8365
6685 20478
6686 29807
6687 11360
6688 8053
6689 5488
6690 9728
6691 15421
6692 879
6693 11017
6694 11221
6695 13588
6696 24352
6697 5523
6698 681
6699 16266
6700 7211
6701 11628
6702 8553
6703 13988
6704 10765
6705 25204
6706 15755
6707 10962
6708 1290
6709 30505
6710 10657
6711 5676
6712 10599
6713 30481
6714 558
6715 9723
6716 18138
6717 27737
6718 7352
6719 15739
6720 18495
6721 6331
6722 27934
6723 5599
6724 908
6725 13733
6726 21804
6727 8086
6728 9735
6729 32663
6730 4717
6731 2253
6732 12471
6733 4300
6734 15936
6735 3381
6736 6424
6737 20254
6738 5166
6739 29446
6740 25107
6741 28964
6742 29307
6743 22852
6744 16684
6745 24221
6746 18683
6747 15169
6748 9214
6749 28689
6750 27175
6751 19811
6752 10724
6753 20917
6754 29296
6755 5927
6756 26106
6757 3472
6758 14804
6759 28262
6760 32068
6761 220
6762 942
6763 14295
6764 29996
6765 16559
6766 24786
6767 4310
6768 17970
6769 12762
6770 30681
6771 18019
6772 1759
6773 22545
6774 10170
6775 15726
6776 17146
6777 8269
6778 14491
6779 12370
6780 21247
6781 10863
6782 3814
6783 26015
6784 18381
6785 22054
6786 5278
6787 17436
6788 16031
6789 5906
6790 19700
6791 26636
6792 12605
6793 21546
6794 17941
6795 7601
6796 5748
6797 22107
6798 23879
6799 25871
6800 26307
6801 2673
6802 2356
6803 25330
6804 22871
6805 6715
6806 7813
6807 25394
6808 27962
6809 8426
6810 17075
6811 20534
6812 4807
6813 32443
6814 282
6815 17335
6816 2401
6817 4054
6818 13904
6819 5318
6820 17764
6821 19061
6822 17844
6823 1809
6824 29276
6825 2120
6826 19786
6827 32610
6828 25973
6829 32537
6830 19398
6831 24936
6832 5171
6833 11436
6834 27878
6835 31418
6836 25443
6837 14825
6838 28677
6839 7961
6840 25170
6841 6460
6842 23790
6843 23029
6844 17980
6845 25661
6846 31470
6847 22835
6848 14855
6849 15500
6850 15917
6851 29998
6852 22065
6853 13311
6854 7997
6855 31228
6856 21768
6857 0
6858 4340
6859 5618
6860 22297
6861 31792
6862 2167
6863 4458
6864 19434
6865 16465
6866 19352
6867 13251
6868 21228
6869 19810
6870 31074
6871 31146
6872 10411
6873 5643
6874 241
6875 152
6876 29768
6877 26172
6878 31368
6879 19356
6880 2345
6881 28178
6882 5853
6883 17755
6884 28911
6885 29690
6886 6327
6887 9045
6888 20904
6889 29208
6890 3259
6891 3690
6892 1094
6893 8938
6894 13187
6895 13468
6896 28497
6897 16680
6898 20977
6899 10262
6900 31192
6901 32495
6902 23491
6903 12142
6904 10925
6905 30751
6906 11367
6907 27431
6908 18386
6909 9218
6910 16912
6911 29818
6912 2606
6913 2606
6914 12041
6915 22869
6916 14724
6917 16044
6918 13642
6919 6565
6920 17574
6921 26969
6922 16457
6923 2513
6924 10726
6925 23693
6926 12562
6927 16006
6928 17358
6929 32507
6930 12442
6931 26042
6932 19985
6933 3288
6934 31824
6935 12523
6936 14016
6937 29760
6938 24822
6939 13480
6940 4033
6941 20693
6942 22447
6943 24915
6944 13438
6945 19113
6946 31065
6947 31013
6948 30682
6949 23646
6950 15388
6951 10098
6952 28265
6953 17547
6954 12099
6955 7471
6956 10464
6957 9826
6958 10571
6959 22193
6960 29386
6961 7568
6962 7226
6963 28343
6964 27005
6965 18789
6966 1075
6967 8875
6968 32589
6969 4917
6970 9286
6971 27685
6972 16127
6973 13310
6974 1420
6975 21425
6976 25473
6977 15690
6978 27764
6979 24786
6980 6104
6981 10583
6982 14424
6983 19271
6984 29529
6985 13942
6986 24916
6987 20876
6988 1564
6989 4529
6990 2135
6991 22692
6992 2478
6993 5296
6994 19834
6995 14614
6996 2566
6997 6878
6998 24721
6999 23862
7000 6842
7001 12743
7002 0
7003 5285
7004 27763
7005 10436
7006 22993
7007 16667
7008 22175
7009 17371
7010 771
7011 16484
7012 10597
7013 5601
7014 31012
7015 14249
7016 23518
7017 17889
7018 25122
7019 9201
7020 27266
7021 17346
7022 32350
7023 21479
7024 31200
7025 12323
7026 258
7027 11998
7028 4499
7029 31626
7030 17045
7031 27922
7032 881
7033 190
7034 460
7035 9521
7036 21253
7037 7793
7038 9891
7039 21274
7040 12608
7041 5154
7042 15277
7043 15332
7044 24683
7045 9794
7046 4520
7047 21282
7048 5216
7049 19862
7050 16725
7051 1381
7052 8954
7053 30172
7054 32647
7055 3075
7056 6346
7057 4017
7058 30585
7059 11799
7060 1547
7061 31154
7062 8036
7063 4809
7064 6104
7065 1250
7066 15185
7067 2256
7068 20893
7069 6220
7070 556
7071 26421
7072 31436
7073 14313
7074 6427
7075 27481
7076 5329
7077 29379
7078 22798
7079 14393
7080 27975
7081 31835
7082 4758
7083 23281
7084 8300
7085 30024
7086 17402
7087 30847
7088 8146
7089 10018
7090 30088
7091 2250
7092 4440
7093 14238
7094 12329
7095 17123
7096 6745
7097 5882
7098 16952
7099 7818
7100 27427
7101 11676
7102 18068
7103 3828
7104 7851
7105 3318
7106 8692
7107 23243
7108 17023
7109 10156
7110 27259
7111 13687
7112 6907
7113 21753
7114 28045
7115 32156
7116 30656
7117 9039
7118 18400
7119 17635
7120 11362
7121 15933
7122 17366
7123 1278
7124 353
7125 27542
7126 29194
7127 9702
7128 12635
7129 25552
7130 12328
7131 14695
7132 18047
7133 2474
7134 4611
7135 4063
7136 27717
7137 17681
7138 24801
7139 2627
7140 2396
7141 1349
7142 9497
7143 19810
7144 13796
7145 11832
7146 28129
7147 14958
7148 25054
7149 30007
7150 19297
7151 20664
7152 16353
7153 28875
7154 12044
7155 23739
7156 18446
7157 24546
7158 9775
7159 6236
7160 26438
7161 27690
7162 8906
7163 8304
7164 11930
7165 27582
7166 18080
7167 25471
7168 5890
7169 26116
7170 25738
7171 28103
7172 11602
7173 24533
7174 11280
7175 13956
7176 14955
7177 13023
7178 13114
7179 21103
7180 15278
7181 29768
7182 21156
7183 12165
7184 16311
7185 11924
7186 2001
7187 15881
7188 31559
7189 29385
7190 20929
7191 10956
7192 10881
7193 1233
7194 15302
7195 3756
7196 4698
7197 10015
7198 2707
7199 14171
7200 13899
7201 18838
7202 16278
7203 28002
7204 5704
7205 8102
7206 26248
7207 23397
7208 2294
7209 25016
7210 24898
7211 31400
7212 1561
7213 15820
7214 9682
7215 10450
7216 30027
7217 15200
7218 8910
7219 19185
7220 21748
7221 5780
7222 15848
7223 8639
7224 19830
7225 22157
7226 8387
7227 13092
7228 1192
7229 8983
7230 18437
7231 27899
7232 17798
7233 7566
7234 2222
7235 25881
7236 20519
7237 16638
7238 32680
7239 23179
7240 26095
7241 3465
7242 8094
7243 23584
7244 26117
7245 777
7246 20754
7247 14376
7248 3591
7249 12023
7250 22698
7251 6522
7252 13053
7253 20876
7254 30667
7255 30140
7256 1676
7257 24101
7258 31593
7259 12510
7260 15469
7261 23276
7262 11550
7263 6632
7264 9245
7265 25525
7266 23161
7267 9462
7268 2773
7269 21542
7270 26264
7271 1664
7272 31164
7273 23835
7274 6649
7275 5087
7276 9308
7277 2376
7278 9357
7279 3341
7280 6994
7281 29985
7282 1550
7283 13229
7284 5962
7285 15862
7286 20627
7287 21323
7288 28715
7289 27747
7290 31074
7291 7908
7292 5263
7293 24039
7294 11269
7295 1961
7296 5494
7297 29139
7298 21408
7299 28928
7300 6715
7301 32102
7302 20097
7303 26060
7304 20679
7305 19254
7306 32761
7307 13038
7308 11780
7309 10705
7310 13418
7311 2828
7312 4756
7313 19877
7314 2978
7315 6032
7316 10180
7317 2589
7318 23911
7319 6900
7320 2235
7321 9741
7322 19539
7323 2110
7324 3064
7325 20304
7326 31459
7327 13254
7328 16635
7329 29104
7330 5834
7331 319
7332 30273
7333 29957
7334 11915
7335 13045
7336 23414
7337 9889
7338 1350
7339 15956
7340 5095
7341 20972
7342 22738
7343 18858
7344 19766
7345 19532
7346 19981
7347 14126
7348 11857
7349 30792
7350 30576
7351 24896
7352 12964
7353 1004
7354 10727
7355 27634
7356 17806
7357 26223
7358 5087
7359 20424
7360 12818
7361 24851
7362 19104
7363 444
7364 15056
7365 1869
7366 16861
7367 23685
7368 28211
7369 4646
7370 24969
7371 12057
7372 2795
7373 737
7374 11757
7375 5233
7376 2206
7377 22750
7378 13816
7379 30860
7380 6362
7381 24254
7382 15318
7383 28342
7384 13391
7385 21192
7386 19396
7387 15626
7388 2107
7389 28299
7390 13602
7391 16694
7392 22565
7393 4549
7394 6601
7395 4734
7396 10190
7397 5252
7398 1952
7399 1284
7400 16741
7401 1163
7402 20586
7403 29254
7404 27642
7405 20983
7406 5090
7407 27368
7408 26165
7409 12067
7410 12298
7411 13748
7412 31048
7413 10184
7414 3008
7415 16351
7416 14370
7417 13161
7418 28562
7419 25229
7420 16101
7421 18158
7422 24787
7423 8600
7424 1691
7425 10639
7426 13038
7427 18317
7428 8485
7429 4339
7430 17147
7431 760
7432 29043
7433 18585
7434 4496
7435 26850
7436 13307
7437 26744
7438 11994
7439 151
7440 27491
7441 24290
7442 11500
7443 15533
7444 1409
7445 20910
7446 3158
7447 1345
7448 19590
7449 6806
7450 22266
7451 14212
7452 30838
7453 25310
7454 23835
7455 15991
7456 29916
7457 8759
7458 18615
7459 10482
7460 11963
7461 1250
7462 31511
7463 24811
7464 32455
7465 32024
7466 26788
7467 26613
7468 981
7469 938
7470 26364
7471 15623
7472 401
7473 19429
7474 8517
7475 20351
7476 5999
7477 28344
7478 9922
7479 9062
7480 25572
7481 20761
7482 18339
7483 2806
7484 26581
7485 18852
7486 13346
7487 6489
7488 15952
7489 18821
7490 4555
7491 12980
7492 31866
7493 3225
7494 31515
7495 23908
7496 19912
7497 5328
7498 7501
7499 14472
7500 8306
