1 18278
2 19195
3 22002
4 28822
5 14335
6 32251
7 28879
8 15784
9 19472
10 21295
11 13114
12 19859
13 16136
14 6495
15 28073
16 14472
17 27555
18 5729
19 3181
20 16421
21 14677
22 20201
23 4148
24 30189
25 30955
26 163
27 28625
28 9717
29 29808
30 639
31 18240
32 23007
33 13901
34 32589
35 30692
36 2060
37 19381
38 16009
39 7700
40 17166
41 1600
42 28536
43 32726
44 32092
45 214
46 10868
47 22762
48 13642
49 27599
50 7299
51 10251
52 7480
53 25688
54 4399
55 24945
56 5129
57 23321
58 20114
59 10906
60 471
61 19989
62 30641
63 842
64 27876
65 22993
66 26891
67 32721
68 23252
69 26040
70 17265
71 30860
72 21018
73 28606
74 6423
75 21166
76 4017
77 15172
78 28908
79 17984
80 17676
81 26427
82 5159
83 17767
84 29263
85 12173
86 23074
87 26854
88 12479
89 23992
90 26220
91 1507
92 375
93 11452
94 3354
95 20718
96 29790
97 9272
98 20829
99 12863
100 15189
101 11984
102 12890
103 12095
104 32181
105 28625
106 14901
107 3403
108 32760
109 7192
110 879
111 4532
112 29622
113 23088
114 10355
115 778
116 980
117 28090
118 20843
119 20378
120 28920
121 12818
122 21592
123 32053
124 21055
125 10287
126 7010
127 17971
128 20019
129 7115
130 17772
131 1976
132 24567
133 9156
134 13548
135 25910
136 31941
137 451
138 250
139 17715
140 11675
141 9499
142 31911
143 2893
144 28976
145 21748
146 18575
147 13179
148 31277
149 17832
150 8882
151 12949
152 7578
153 7533
154 26751
155 16407
156 1430
157 11317
158 32562
159 27938
160 31820
161 23250
162 5728
163 11459
164 25378
165 5470
166 30928
167 12664
168 10803
169 13530
170 24461
171 17392
172 23552
173 11285
174 31545
175 30483
176 4450
177 31695
178 10148
179 23874
180 25028
181 12831
182 32158
183 8928
184 9102
185 30994
186 14089
187 12817
188 4324
189 30869
190 6450
191 17345
192 9361
193 3989
194 22881
195 489
196 17214
197 10340
198 12206
199 7949
200 1256
201 11359
202 3095
203 1802
204 12945
205 23246
206 8656
207 3342
208 19509
209 1803
210 15578
211 15080
212 11007
213 487
214 5591
215 9602
216 5053
217 12873
218 6173
219 27307
220 19858
221 8472
222 19977
223 15386
224 4330
225 31835
226 26517
227 7088
228 25267
229 21919
230 3885
231 11518
232 12235
233 8089
234 191
235 16391
236 15540
237 12045
238 5906
239 31047
240 15759
241 17135
242 17240
243 15092
244 10824
245 22471
246 8966
247 13187
248 8974
249 19034
250 10211
251 13678
252 30982
253 3462
254 1631
255 15413
256 12096
257 30574
258 24103
259 17059
260 2026
261 27095
262 20726
263 20050
264 29123
265 22994
266 31662
267 21617
268 27091
269 31388
270 1447
271 23493
272 9562
273 4034
274 14919
275 32750
276 6150
277 10888
278 24787
279 14828
280 10856
281 22156
282 18052
283 4577
284 13481
285 31143
286 11998
287 7704
288 4473
289 27412
290 7741
291 29511
292 23881
293 1492
294 12977
295 27153
296 13754
297 14928
298 32523
299 24015
300 3413
301 25409
302 7224
303 18576
304 26492
305 25037
306 25806
307 24670
308 4256
309 17650
310 3813
311 6596
312 9909
313 40
314 6184
315 13197
316 1507
317 30018
318 14380
319 12237
320 28031
321 21910
322 19712
323 24102
324 28985
325 7773
326 30213
327 23364
328 2711
329 13405
330 20735
331 10666
332 24226
333 25285
334 3437
335 18353
336 3039
337 16728
338 18966
339 26317
340 5248
341 17869
342 28901
343 10259
344 14556
345 1142
346 1270
347 504
348 22045
349 25633
350 5873
351 13148
352 7480
353 18748
354 21399
355 26567
356 13859
357 31804
358 24730
359 28914
360 9026
361 20287
362 31666
363 14729
364 31010
365 18159
366 4077
367 21807
368 15977
369 19114
370 13639
371 20931
372 2061
373 8161
374 20090
375 11745
376 9669
377 13502
378 14615
379 6316
380 29373
381 32266
382 17366
383 24267
384 7822
385 27725
386 24362
387 10418
388 621
389 15415
390 15385
391 28195
392 22178
393 9790
394 19787
395 17140
396 23613
397 12681
398 24161
399 24850
400 20228
401 11789
402 13704
403 5062
404 13231
405 6646
406 29517
407 26679
408 22104
409 30280
410 9395
411 18225
412 3373
413 20166
414 15234
415 23588
416 4968
417 30995
418 24803
419 28016
420 4225
421 20247
422 22058
423 2527
424 8097
425 26788
426 22515
427 12147
428 27483
429 6233
430 14192
431 20323
432 12695
433 12231
434 7681
435 21344
436 17358
437 20179
438 12037
439 2076
440 22397
441 16987
442 31729
443 4365
444 15059
445 13853
446 32415
447 18799
448 16813
449 15828
450 3560
451 13960
452 32453
453 31139
454 116
455 28463
456 7462
457 22967
458 29137
459 7311
460 28132
461 17705
462 24003
463 30761
464 32265
465 10273
466 1499
467 27416
468 18642
469 11585
470 21835
471 12953
472 23068
473 9793
474 14073
475 11722
476 29977
477 26582
478 4562
479 14514
480 4935
481 7385
482 24417
483 14466
484 20387
485 21669
486 4256
487 15642
488 4634
489 20673
490 13582
491 23503
492 3904
493 21951
494 6145
495 10092
496 28740
497 867
498 18494
499 26998
500 14116
501 30728
502 15815
503 181
504 13085
505 17216
506 4596
507 2287
508 6502
509 27579
510 32197
511 12279
512 5661
513 3178
514 4727
515 23527
516 27010
517 19683
518 24661
519 1705
520 25955
521 14600
522 32721
523 29372
524 24279
525 15331
526 12499
527 7476
528 26671
529 16853
530 1105
531 4355
532 26410
533 17904
534 17440
535 32632
536 23400
537 20129
538 3338
539 16901
540 26913
541 7570
542 20256
543 10565
544 31767
545 5838
546 10321
547 15677
548 5833
549 8999
550 19772
551 21219
552 8682
553 4565
554 29763
555 6876
556 20497
557 15711
558 30433
559 3466
560 27058
561 30655
562 7485
563 22598
564 5453
565 449
566 18431
567 12266
568 28645
569 4524
570 27746
571 11411
572 2484
573 11556
574 5770
575 4773
576 6941
577 23119
578 26137
579 11535
580 1506
581 27703
582 14589
583 7376
584 30359
585 28271
586 30859
587 16826
588 14935
589 29690
590 15570
591 8309
592 7349
593 19816
594 14889
595 27080
596 25077
597 27202
598 11531
599 1812
600 12669
601 27048
602 14373
603 20513
604 1158
605 7737
606 26796
607 19997
608 27927
609 2355
610 21748
611 12258
612 18740
613 4315
614 2367
615 21368
616 13907
617 30240
618 14035
619 2267
620 22799
621 19835
622 22863
623 29182
624 19744
625 32537
626 17982
627 9231
628 20875
629 4668
630 23277
631 28157
632 1302
633 18399
634 15482
635 26680
636 18175
637 18585
638 24110
639 12728
640 4077
641 27075
642 16908
643 32320
644 22311
645 19933
646 10154
647 23012
648 22532
649 25646
650 7488
651 17865
652 19363
653 2987
654 9983
655 4652
656 27355
657 23834
658 28836
659 6565
660 19573
661 24695
662 15692
663 16813
664 29593
665 12695
666 2442
667 25695
668 8839
669 22539
670 5047
671 1915
672 17800
673 22087
674 16009
675 1200
676 2595
677 13316
678 487
679 1819
680 30355
681 2018
682 24060
683 523
684 5497
685 17490
686 1163
687 1287
688 2511
689 19379
690 11394
691 4370
692 7965
693 4027
694 17361
695 21293
696 10735
697 16409
698 29564
699 26654
700 19590
701 19544
702 10735
703 3440
704 29646
705 15623
706 8083
707 25531
708 8336
709 10263
710 2462
711 9765
712 20713
713 17540
714 28463
715 31529
716 7675
717 24888
718 21658
719 17047
720 25058
721 17196
722 12544
723 1244
724 31209
725 11984
726 25124
727 26500
728 30974
729 8365
730 4729
731 19197
732 24164
733 31048
734 17792
735 30110
736 9384
737 8266
738 32336
739 28647
740 15574
741 25311
742 13430
743 30219
744 18924
745 4444
746 2816
747 8875
748 12431
749 8228
750 32213
751 14053
752 20221
753 20428
754 31048
755 9101
756 28995
757 8317
758 4076
759 14266
760 21936
761 5274
762 17065
763 6277
764 21897
765 1699
766 3855
767 26125
768 1534
769 5722
770 14315
771 12735
772 25949
773 28964
774 31768
775 10708
776 26758
777 31153
778 12184
779 7706
780 31903
781 4831
782 27363
783 16888
784 20745
785 4572
786 17535
787 20396
788 32146
789 7051
790 18641
791 28888
792 22764
793 28970
794 9267
795 4157
796 4958
797 28721
798 13127
799 30918
800 27065
801 18813
802 28042
803 26056
804 1166
805 13229
806 24108
807 26760
808 22430
809 7373
810 7967
811 18174
812 5522
813 7986
814 2670
815 14296
816 3052
817 15780
818 5584
819 8130
820 31550
821 10947
822 3197
823 13285
824 16281
825 8099
826 6976
827 9645
828 23881
829 1466
830 25293
831 15312
832 17855
833 30716
834 1110
835 31884
836 26831
837 24388
838 23641
839 19760
840 26140
841 11766
842 24508
843 10973
844 29392
845 32482
846 20251
847 24718
848 18320
849 7020
850 13409
851 24150
852 10927
853 11498
854 24213
855 5609
856 27297
857 7502
858 20471
859 94
860 23731
861 27397
862 21068
863 12595
864 13306
865 29727
866 9590
867 6802
868 17545
869 31919
870 31815
871 26322
872 1767
873 29813
874 15255
875 2881
876 28609
877 16314
878 12180
879 30753
880 28635
881 1916
882 11098
883 2544
884 12364
885 21707
886 18116
887 8173
888 24299
889 31603
890 11905
891 31703
892 7941
893 6107
894 14954
895 20216
896 29265
897 9261
898 15890
899 6242
900 11813
901 26807
902 18335
903 14457
904 20713
905 19346
906 16601
907 23985
908 19405
909 17281
910 9857
911 11929
912 5303
913 29211
914 18916
915 21785
916 5247
917 10541
918 20656
919 20215
920 17759
921 24410
922 26373
923 10144
924 5541
925 22532
926 22479
927 32550
928 25259
929 624
930 32596
931 645
932 8201
933 21540
934 19465
935 14634
936 32521
937 8852
938 16810
939 19382
940 10844
941 16382
942 12937
943 10239
944 27147
945 24467
946 8999
947 9815
948 17328
949 1239
950 3073
951 5138
952 27365
953 586
954 28076
955 18242
956 5629
957 19272
958 27428
959 8133
960 2802
961 7470
962 24162
963 6530
964 30879
965 17342
966 6956
967 21487
968 28719
969 31941
970 21553
971 13015
972 4822
973 16122
974 22101
975 31834
976 18367
977 26666
978 3658
979 6197
980 3653
981 5778
982 3168
983 21571
984 16485
985 12685
986 31390
987 21060
988 22899
989 25967
990 14609
991 734
992 5389
993 5808
994 5220
995 20961
996 31310
997 4173
998 19121
999 26575
1000 10051
1001 29035
1002 21143
1003 9372
1004 28835
1005 7741
1006 6285
1007 14258
1008 10682
1009 14377
1010 9845
1011 31032
1012 10407
1013 24870
1014 26997
1015 26772
1016 23239
1017 20073
1018 2562
1019 29742
1020 32113
1021 28224
1022 2621
1023 28279
1024 20196
1025 9534
1026 7811
1027 21547
1028 19325
1029 26264
1030 29759
1031 18387
1032 19246
1033 11215
1034 23299
1035 26253
1036 4907
1037 3983
1038 984
1039 23055
1040 12262
1041 4056
1042 19154
1043 19434
1044 11070
1045 15195
1046 16103
1047 7692
1048 29427
1049 20007
1050 23552
1051 3209
1052 862
1053 388
1054 11089
1055 7323
1056 10847
1057 4895
1058 15846
1059 31975
1060 30358
1061 18280
1062 13695
1063 15105
1064 9942
1065 27449
1066 20382
1067 29235
1068 11734
1069 6328
1070 9950
1071 22394
1072 7722
1073 17278
1074 7814
1075 18130
1076 4722
1077 20473
1078 11358
1079 13747
1080 26066
1081 14862
1082 29890
1083 11996
1084 20642
1085 3843
1086 27892
1087 15183
1088 15718
1089 16029
1090 30647
1091 23709
1092 27136
1093 1925
1094 12313
1095 31843
1096 10532
1097 752
1098 22160
1099 29973
1100 22541
1101 4991
1102 5192
1103 6138
1104 23662
1105 15204
1106 2236
1107 21624
1108 16044
1109 7623
1110 21892
1111 25746
1112 13386
1113 12136
1114 7277
1115 8879
1116 11941
1117 23173
1118 9167
1119 27805
1120 16865
1121 6654
1122 5403
1123 14293
1124 30755
1125 20407
1126 2484
1127 15105
1128 25856
1129 23102
1130 23040
1131 20667
1132 3382
1133 11694
1134 25278
1135 30616
1136 30362
1137 29651
1138 13466
1139 4965
1140 29778
1141 30606
1142 25086
1143 21424
1144 836
1145 24443
1146 24364
1147 25483
1148 19150
1149 31698
1150 10378
1151 18060
1152 5560
1153 11147
1154 9020
1155 1816
1156 22375
1157 7366
1158 27640
1159 6625
1160 4435
1161 27753
1162 2070
1163 6830
1164 11451
1165 26891
1166 11495
1167 18011
1168 7319
1169 32017
1170 4424
1171 22048
1172 23502
1173 1046
1174 32119
1175 8214
1176 7081
1177 3985
1178 3365
1179 8438
1180 13959
1181 24241
1182 22476
1183 21284
1184 15059
1185 3468
1186 29506
1187 30445
1188 8756
1189 16249
1190 1167
1191 12301
1192 2307
1193 18618
1194 21244
1195 7285
1196 31234
1197 7007
1198 4460
1199 18507
1200 8779
1201 31590
1202 20975
1203 9009
1204 390
1205 15911
1206 22421
1207 23242
1208 27231
1209 6384
1210 14976
1211 15994
1212 26424
1213 17132
1214 4669
1215 4206
1216 22298
1217 28233
1218 6741
1219 26589
1220 22258
1221 23705
1222 1310
1223 2189
1224 19194
1225 4729
1226 28887
1227 21400
1228 7285
1229 28273
1230 13044
1231 13680
1232 32671
1233 10012
1234 28087
1235 13601
1236 21988
1237 29833
1238 9216
1239 2262
1240 80
1241 26848
1242 16230
1243 21407
1244 13895
1245 15433
1246 15494
1247 28785
1248 13430
1249 4105
1250 29083
1251 28271
1252 22537
1253 27886
1254 9040
1255 8807
1256 31262
1257 238
1258 23506
1259 29088
1260 8058
1261 24587
1262 14376
1263 14803
1264 20603
1265 19578
1266 8135
1267 31351
1268 11598
1269 18947
1270 6753
1271 9025
1272 4706
1273 171
1274 14335
1275 11244
1276 24861
1277 12945
1278 16207
1279 22838
1280 16589
1281 18710
1282 5695
1283 21291
1284 27617
1285 15680
1286 6346
1287 28837
1288 23897
1289 24417
1290 21010
1291 23572
1292 29307
1293 16883
1294 19376
1295 30075
1296 21704
1297 19399
1298 26440
1299 5563
1300 16430
1301 13663
1302 30304
1303 5908
1304 31103
1305 30104
1306 1138
1307 18153
1308 2338
1309 24971
1310 1855
1311 9411
1312 3593
1313 950
1314 26983
1315 4761
1316 15586
1317 28247
1318 9015
1319 23119
1320 24466
1321 3353
1322 21954
1323 11388
1324 26847
1325 14834
1326 7219
1327 31856
1328 28780
1329 6476
1330 1889
1331 23926
1332 10987
1333 355
1334 30628
1335 17750
1336 12942
1337 28910
1338 18664
1339 22558
1340 13246
1341 22785
1342 1279
1343 8482
1344 21008
1345 15922
1346 4156
1347 23874
1348 22901
1349 29947
1350 1085
1351 14955
1352 4017
1353 32095
1354 11528
1355 12385
1356 14862
1357 16848
1358 23642
1359 22203
1360 11089
1361 15697
1362 1851
1363 23599
1364 28141
1365 19672
1366 25046
1367 783
1368 24183
1369 12278
1370 28040
1371 18196
1372 19034
1373 31929
1374 11575
1375 4187
1376 26316
1377 2770
1378 29669
1379 6061
1380 13312
1381 6643
1382 388
1383 24579
1384 8349
1385 14203
1386 25100
1387 26953
1388 368
1389 10069
1390 17100
1391 99
1392 12637
1393 21533
1394 12797
1395 20590
1396 28060
1397 2693
1398 31901
1399 6472
1400 16930
1401 1016
1402 7803
1403 12114
1404 6748
1405 1149
1406 30862
1407 10356
1408 18979
1409 4061
1410 16778
1411 23138
1412 8941
1413 31240
1414 25781
1415 3614
1416 26944
1417 22197
1418 17143
1419 3263
1420 15981
1421 3145
1422 2609
1423 26992
1424 21114
1425 3578
1426 5840
1427 11451
1428 29280
1429 308
1430 5026
1431 17672
1432 18039
1433 21051
1434 19432
1435 24672
1436 21806
1437 31763
1438 25516
1439 4983
1440 7679
1441 1949
1442 27221
1443 29162
1444 24738
1445 1538
1446 31608
1447 31685
1448 25729
1449 2644
1450 25073
1451 1096
1452 21613
1453 26227
1454 28979
1455 30187
1456 655
1457 12078
1458 2268
1459 6047
1460 10401
1461 19371
1462 30349
1463 14167
1464 30814
1465 5129
1466 10744
1467 24007
1468 4150
1469 17219
1470 28474
1471 28523
1472 10311
1473 16472
1474 9068
1475 24268
1476 2953
1477 681
1478 6004
1479 21503
1480 12616
1481 5538
1482 5409
1483 28014
1484 2776
1485 32668
1486 14968
1487 32219
1488 22916
1489 4098
1490 8008
1491 27553
1492 8391
1493 22707
1494 30981
1495 5437
1496 2239
1497 22184
1498 12498
1499 24334
1500 17630
1501 3543
1502 8160
1503 20057
1504 21219
1505 7255
1506 26103
1507 21904
1508 9736
1509 2244
1510 3666
1511 13780
1512 4733
1513 20453
1514 30384
1515 6584
1516 3350
1517 30092
1518 11432
1519 19784
1520 4929
1521 7358
1522 13629
1523 14154
1524 20282
1525 27412
1526 29362
1527 30659
1528 19586
1529 15201
1530 7328
1531 20413
1532 20621
1533 25493
1534 32325
1535 13896
1536 11194
1537 4578
1538 28447
1539 16063
1540 5769
1541 1309
1542 14777
1543 13388
1544 28425
1545 9318
1546 25798
1547 3758
1548 27279
1549 14859
1550 4716
1551 9274
1552 4013
1553 21930
1554 27106
1555 15648
1556 3170
1557 6550
1558 16189
1559 27632
1560 15503
1561 30588
1562 28039
1563 20317
1564 29866
1565 8263
1566 5906
1567 8512
1568 25782
1569 11072
1570 16395
1571 14048
1572 10099
1573 14458
1574 30546
1575 22128
1576 20946
1577 4717
1578 393
1579 1497
1580 5803
1581 4833
1582 14956
1583 14010
1584 21170
1585 20238
1586 8288
1587 29613
1588 5288
1589 20225
1590 15950
1591 29389
1592 30158
1593 21569
1594 26545
1595 12661
1596 22175
1597 29619
1598 31470
1599 32074
1600 21438
1601 1723
1602 7653
1603 3707
1604 1838
1605 14244
1606 10437
1607 5959
1608 27073
1609 11586
1610 13092
1611 27840
1612 26835
1613 6613
1614 30543
1615 11471
1616 1079
1617 12593
1618 32734
1619 1401
1620 2162
1621 18972
1622 21388
1623 352
1624 14631
1625 12024
1626 4934
1627 32141
1628 32723
1629 24994
1630 16002
1631 11372
1632 29371
1633 22169
1634 4562
1635 18968
1636 18466
1637 27491
1638 13241
1639 26073
1640 2494
1641 7212
1642 9149
1643 25836
1644 7277
1645 15537
1646 8125
1647 8834
1648 28709
1649 14428
1650 29573
1651 20746
1652 27689
1653 7600
1654 26272
1655 179
1656 27523
1657 30952
1658 15469
1659 28461
1660 23982
1661 16859
1662 31350
1663 1200
1664 24467
1665 24867
1666 26876
1667 8768
1668 24759
1669 4222
1670 471
1671 9519
1672 10418
1673 6772
1674 16765
1675 17379
1676 20707
1677 15675
1678 3680
1679 10202
1680 1634
1681 13527
1682 10877
1683 26858
1684 10294
1685 12421
1686 25393
1687 19918
1688 5576
1689 14170
1690 29519
1691 30174
1692 16792
1693 16424
1694 19313
1695 20510
1696 23599
1697 161
1698 13451
1699 890
1700 11093
1701 14271
1702 198
1703 11344
1704 24963
1705 30563
1706 16011
1707 4911
1708 2459
1709 12604
1710 8669
1711 16607
1712 23255
1713 2794
1714 6125
1715 5025
1716 2303
1717 15715
1718 14568
1719 14775
1720 25824
1721 918
1722 3092
1723 13607
1724 24825
1725 23631
1726 21019
1727 19645
1728 20087
1729 9051
1730 18855
1731 3663
1732 26212
1733 17900
1734 8750
1735 17988
1736 29467
1737 5695
1738 4368
1739 4183
1740 11775
1741 635
1742 15583
1743 26009
1744 9580
1745 13021
1746 29437
1747 19381
1748 16110
1749 21266
1750 23405
1751 2424
1752 10673
1753 2788
1754 7907
1755 1169
1756 21817
1757 27161
1758 13085
1759 11413
1760 16467
1761 19352
1762 16758
1763 5958
1764 13388
1765 29646
1766 23481
1767 12820
1768 16480
1769 28240
1770 29491
1771 11492
1772 2421
1773 28354
1774 17932
1775 529
1776 16906
1777 14583
1778 14039
1779 16304
1780 24170
1781 21593
1782 16999
1783 30233
1784 22821
1785 3724
1786 2020
1787 28579
1788 7104
1789 4430
1790 5919
1791 5550
1792 24492
1793 4002
1794 31011
1795 9959
1796 7029
1797 20013
1798 9997
1799 8903
1800 20540
1801 2784
1802 25373
1803 3677
1804 19303
1805 2007
1806 10252
1807 30286
1808 12439
1809 15745
1810 8864
1811 21018
1812 24538
1813 30722
1814 27007
1815 11424
1816 3107
1817 25557
1818 26433
1819 13797
1820 5623
1821 19894
1822 10952
1823 8721
1824 32360
1825 6591
1826 4564
1827 31162
1828 1607
1829 13777
1830 466
1831 16229
1832 19862
1833 2869
1834 8949
1835 3658
1836 1852
1837 13187
1838 20872
1839 5720
1840 5372
1841 29891
1842 14723
1843 6521
1844 8104
1845 18643
1846 20572
1847 19991
1848 32658
1849 29705
1850 8479
1851 19167
1852 2372
1853 28440
1854 7873
1855 24517
1856 4721
1857 10296
1858 28850
1859 72
1860 17195
1861 24449
1862 28081
1863 8951
1864 1877
1865 8856
1866 14564
1867 14900
1868 13404
1869 11150
1870 13608
1871 10808
1872 14114
1873 9989
1874 17062
1875 24663
1876 24123
1877 9621
1878 31399
1879 28549
1880 5212
1881 15470
1882 23977
1883 22042
1884 7952
1885 6462
1886 10161
1887 20690
1888 13741
1889 3413
1890 16100
1891 24344
1892 1159
1893 21511
1894 28753
1895 23684
1896 28771
1897 6225
1898 28434
1899 21410
1900 11823
1901 32192
1902 18835
1903 28149
1904 752
1905 12431
1906 18737
1907 9531
1908 16379
1909 16655
1910 28679
1911 6643
1912 20328
1913 20044
1914 2308
1915 13085
1916 25796
1917 17390
1918 32321
1919 27457
1920 9734
1921 12125
1922 27026
1923 28338
1924 24772
1925 28713
1926 4956
1927 28436
1928 8103
1929 18344
1930 21414
1931 20508
1932 13341
1933 3041
1934 2418
1935 4503
1936 2125
1937 424
1938 7245
1939 6830
1940 19792
1941 8715
1942 15397
1943 19048
1944 22942
1945 20205
1946 21339
1947 29040
1948 19398
1949 15089
1950 24345
1951 6425
1952 17763
1953 2202
1954 8678
1955 15263
1956 21067
1957 25776
1958 25719
1959 20912
1960 20489
1961 8165
1962 14536
1963 22826
1964 27022
1965 3000
1966 29548
1967 14631
1968 31523
1969 7834
1970 20258
1971 10039
1972 29346
1973 9039
1974 28328
1975 29164
1976 32742
1977 30616
1978 12500
1979 21660
1980 10624
1981 7695
1982 2784
1983 14434
1984 6571
1985 10066
1986 23814
1987 1638
1988 14211
1989 13923
1990 30028
1991 28510
1992 24689
1993 9295
1994 13474
1995 19541
1996 21994
1997 1806
1998 2602
1999 31915
2000 13145
2001 8107
2002 14551
2003 25950
2004 89
2005 29605
2006 6969
2007 30087
2008 13096
2009 5524
2010 22935
2011 21544
2012 14168
2013 24847
2014 17983
2015 6948
2016 19656
2017 11726
2018 21530
2019 17295
2020 21203
2021 15884
2022 23427
2023 10024
2024 21447
2025 27695
2026 8537
2027 15140
2028 25753
2029 23467
2030 21587
2031 26670
2032 11479
2033 12580
2034 29844
2035 9131
2036 10973
2037 5587
2038 22912
2039 11842
2040 2124
2041 2602
2042 18893
2043 7068
2044 4792
2045 19387
2046 23005
2047 1896
2048 11425
2049 21078
2050 1099
2051 7075
2052 19109
2053 10353
2054 12484
2055 19478
2056 20723
2057 8909
2058 7448
2059 27424
2060 25859
2061 15191
2062 23696
2063 31669
2064 1925
2065 4941
2066 24963
2067 25767
2068 2711
2069 24737
2070 17700
2071 26916
2072 14394
2073 19106
2074 16798
2075 2689
2076 15623
2077 31193
2078 4707
2079 14133
2080 11038
2081 24369
2082 11968
2083 27433
2084 10592
2085 30300
2086 4790
2087 9519
2088 8926
2089 1905
2090 2565
2091 21967
2092 2704
2093 11226
2094 12681
2095 11082
2096 1867
2097 6765
2098 8905
2099 24281
2100 7149
2101 32473
2102 32206
2103 26422
2104 8155
2105 24644
2106 17713
2107 13405
2108 7085
2109 23346
2110 16504
2111 22676
2112 24103
2113 12969
2114 22691
2115 17065
2116 23915
2117 31891
2118 8961
2119 28027
2120 14446
2121 28003
2122 3656
2123 10427
2124 27817
2125 1787
2126 26085
2127 24308
2128 5137
2129 11981
2130 8081
2131 31945
2132 16200
2133 28481
2134 10021
2135 23935
2136 16405
2137 26711
2138 7343
2139 24763
2140 30738
2141 13198
2142 14533
2143 3468
2144 32676
2145 16132
2146 19225
2147 26283
2148 14640
2149 25566
2150 1870
2151 21506
2152 9356
2153 15338
2154 5130
2155 17772
2156 1716
2157 31363
2158 4173
2159 29372
2160 14783
2161 19638
2162 769
2163 23808
2164 14609
2165 1187
2166 26834
2167 29959
2168 15825
2169 5157
2170 21567
2171 2848
2172 32670
2173 6837
2174 21489
2175 27685
2176 28029
2177 2699
2178 4940
2179 20408
2180 29462
2181 10503
2182 26949
2183 31693
2184 7713
2185 28240
2186 18803
2187 16745
2188 14363
2189 2107
2190 19304
2191 13992
2192 10301
2193 1134
2194 15425
2195 20997
2196 12718
2197 26053
2198 28284
2199 19158
2200 25080
2201 10484
2202 15370
2203 25366
2204 17337
2205 31854
2206 28325
2207 32359
2208 10651
2209 12166
2210 612
2211 10839
2212 9605
2213 7380
2214 30349
2215 31715
2216 19
2217 5083
2218 8362
2219 26170
2220 17476
2221 1512
2222 13791
2223 28355
2224 13171
2225 31293
2226 32378
2227 25184
2228 13705
2229 3439
2230 26572
2231 28661
2232 6512
2233 13
2234 26680
2235 19492
2236 14795
2237 6274
2238 27017
2239 16987
2240 23012
2241 23613
2242 11656
2243 22289
2244 20197
2245 25615
2246 24783
2247 24396
2248 18764
2249 20436
2250 20440
2251 12647
2252 21145
2253 7509
2254 29273
2255 21266
2256 21321
2257 26221
2258 16596
2259 18586
2260 13576
2261 19051
2262 2153
2263 26987
2264 29987
2265 1720
2266 12528
2267 24019
2268 15164
2269 698
2270 10564
2271 10760
2272 18497
2273 21239
2274 28129
2275 27245
2276 20895
2277 30590
2278 23986
2279 9489
2280 7346
2281 22915
2282 20772
2283 21624
2284 28288
2285 19529
2286 10111
2287 3999
2288 9128
2289 5445
2290 15990
2291 29498
2292 1173
2293 16256
2294 2045
2295 12352
2296 10743
2297 15933
2298 12890
2299 25513
2300 1396
2301 8924
2302 5759
2303 7031
2304 25242
2305 27134
2306 24727
2307 11507
2308 29721
2309 9194
2310 9951
2311 16441
2312 16687
2313 31791
2314 25271
2315 13558
2316 1891
2317 25739
2318 32761
2319 17521
2320 25718
2321 26380
2322 30345
2323 1224
2324 23703
2325 25461
2326 8749
2327 12668
2328 4310
2329 15331
2330 19615
2331 23856
2332 14811
2333 13488
2334 7649
2335 28846
2336 15064
2337 2968
2338 26321
2339 6955
2340 24764
2341 2586
2342 31229
2343 6092
2344 8618
2345 5921
2346 1720
2347 27753
2348 28841
2349 3044
2350 10862
2351 1424
2352 31133
2353 20491
2354 11316
2355 21453
2356 22902
2357 275
2358 5795
2359 20008
2360 9895
2361 10483
2362 9191
2363 32240
2364 24025
2365 18432
2366 12307
2367 30647
2368 1761
2369 13838
2370 9655
2371 26014
2372 9712
2373 7896
2374 6325
2375 1747
2376 19722
2377 7586
2378 848
2379 18519
2380 25018
2381 15388
2382 22918
2383 23301
2384 27395
2385 22666
2386 26272
2387 27344
2388 31641
2389 14114
2390 10503
2391 23372
2392 3154
2393 17077
2394 8281
2395 11632
2396 23255
2397 16530
2398 16828
2399 29338
2400 8351
2401 31656
2402 1651
2403 28883
2404 13854
2405 10986
2406 18607
2407 23636
2408 30265
2409 5880
2410 25255
2411 19018
2412 30206
2413 17147
2414 17386
2415 16599
2416 25746
2417 7376
2418 28916
2419 2137
2420 10090
2421 30826
2422 8448
2423 8686
2424 1726
2425 23153
2426 28190
2427 1848
2428 32315
2429 22063
2430 19333
2431 5981
2432 1529
2433 685
2434 13866
2435 21842
2436 26540
2437 19225
2438 21394
2439 23386
2440 29726
2441 7787
2442 29412
2443 10185
2444 11485
2445 16969
2446 9282
2447 9998
2448 13872
2449 19751
2450 23129
2451 7920
2452 9552
2453 2994
2454 18999
2455 24344
2456 32469
2457 21871
2458 32093
2459 23248
2460 31087
2461 5279
2462 18966
2463 4106
2464 22742
2465 1383
2466 9735
2467 24484
2468 29956
2469 28717
2470 1798
2471 15082
2472 16801
2473 25413
2474 17968
2475 19037
2476 27071
2477 12237
2478 14645
2479 29107
2480 21447
2481 11733
2482 30199
2483 21790
2484 8627
2485 3012
2486 29780
2487 17361
2488 382
2489 11510
2490 575
2491 11201
2492 25049
2493 23466
2494 15894
2495 31400
2496 24352
2497 21020
2498 2863
2499 4176
2500 31884
2501 24302
2502 13493
2503 9742
2504 32170
2505 10444
2506 12978
2507 20364
2508 29708
2509 21840
2510 17772
2511 30924
2512 21822
2513 5923
2514 23285
2515 1386
2516 11515
2517 26470
2518 29438
2519 29986
2520 16289
2521 28240
2522 29932
2523 12689
2524 12515
2525 24344
2526 11310
2527 26944
2528 702
2529 19221
2530 24269
2531 7134
2532 174
2533 12324
2534 12868
2535 15309
2536 27425
2537 17994
2538 21139
2539 2273
2540 30508
2541 20634
2542 3983
2543 2148
2544 30333
2545 30041
2546 25724
2547 15965
2548 15249
2549 24929
2550 7645
2551 3089
2552 3623
2553 15043
2554 4491
2555 22475
2556 17396
2557 9904
2558 7429
2559 25049
2560 20888
2561 26266
2562 24071
2563 27351
2564 26577
2565 20630
2566 22878
2567 3888
2568 28910
2569 9989
2570 1018
2571 31713
2572 647
2573 4979
2574 25157
2575 24704
2576 5996
2577 18623
2578 12723
2579 17021
2580 9691
2581 4220
2582 20634
2583 5545
2584 26102
2585 18328
2586 22597
2587 15860
2588 23667
2589 3643
2590 7492
2591 24187
2592 32150
2593 12018
2594 2565
2595 6594
2596 31836
2597 269
2598 1961
2599 10045
2600 6650
2601 19014
2602 26896
2603 25110
2604 2437
2605 25507
2606 3126
2607 13610
2608 15347
2609 9629
2610 9667
2611 2133
2612 10306
2613 24449
2614 27357
2615 4847
2616 25591
2617 24087
2618 3393
2619 14230
2620 8138
2621 17794
2622 15762
2623 19758
2624 23712
2625 16999
2626 10224
2627 31015
2628 27833
2629 22097
2630 7885
2631 32510
2632 5419
2633 17236
2634 26620
2635 10503
2636 25487
2637 23281
2638 24587
2639 11881
2640 3066
2641 13370
2642 26579
2643 14954
2644 25391
2645 3382
2646 20557
2647 30957
2648 18706
2649 23431
2650 14504
2651 19512
2652 5984
2653 20554
2654 4760
2655 4091
2656 26782
2657 21311
2658 16624
2659 3470
2660 19279
2661 14634
2662 1139
2663 1403
2664 13674
2665 14713
2666 10983
2667 29244
2668 19467
2669 26406
2670 13420
2671 26694
2672 21353
2673 12511
2674 25356
2675 14150
2676 23304
2677 11365
2678 26771
2679 12458
2680 31280
2681 12594
2682 9889
2683 14179
2684 12445
2685 1630
2686 13565
2687 31977
2688 16248
2689 10179
2690 8748
2691 3968
2692 3718
2693 26208
2694 8771
2695 7611
2696 29088
2697 26619
2698 8185
2699 4926
2700 25187
2701 18954
2702 25600
2703 29383
2704 552
2705 27604
2706 18070
2707 4464
2708 30774
2709 9172
2710 8023
2711 5934
2712 55
2713 25694
2714 26453
2715 26782
2716 15593
2717 4997
2718 16746
2719 24065
2720 8982
2721 6715
2722 23757
2723 27524
2724 4294
2725 28346
2726 26084
2727 7878
2728 25779
2729 7715
2730 31065
2731 5524
2732 10749
2733 6501
2734 19824
2735 20983
2736 11295
2737 18785
2738 1432
2739 3952
2740 1826
2741 11852
2742 25664
2743 32130
2744 2065
2745 3668
2746 20203
2747 881
2748 29100
2749 30598
2750 22663
2751 29002
2752 31072
2753 6383
2754 17914
2755 16931
2756 4215
2757 14081
2758 16639
2759 21412
2760 19853
2761 16185
2762 11568
2763 14022
2764 2627
2765 16127
2766 21347
2767 32219
2768 2359
2769 16846
2770 22330
2771 11215
2772 14387
2773 23188
2774 10998
2775 10413
2776 25252
2777 23644
2778 30092
2779 24420
2780 26702
2781 1578
2782 7931
2783 26828
2784 19519
2785 9766
2786 30428
2787 26596
2788 12289
2789 30717
2790 10555
2791 31582
2792 3860
2793 17029
2794 30117
2795 26717
2796 20123
2797 30880
2798 23682
2799 25213
2800 30038
2801 24930
2802 13990
2803 5396
2804 8144
2805 2934
2806 27426
2807 20919
2808 1242
2809 4029
2810 14176
2811 2048
2812 7735
2813 26425
2814 15727
2815 27279
2816 18841
2817 22570
2818 19611
2819 25935
2820 30157
2821 15990
2822 6209
2823 18682
2824 12338
2825 13134
2826 20705
2827 20448
2828 9839
2829 22543
2830 21365
2831 24548
2832 28773
2833 18534
2834 25345
2835 11719
2836 13923
2837 30648
2838 8300
2839 9641
2840 1945
2841 32193
2842 13454
2843 15564
2844 29904
2845 5755
2846 24714
2847 4252
2848 17240
2849 22849
2850 26718
2851 30444
2852 19521
2853 27444
2854 3000
2855 25475
2856 23502
2857 12510
2858 268
2859 18135
2860 9510
2861 17173
2862 9955
2863 18968
2864 7757
2865 11042
2866 24438
2867 3184
2868 22611
2869 10787
2870 19067
2871 17802
2872 10187
2873 4014
2874 20799
2875 29009
2876 12671
2877 25527
2878 14581
2879 26874
2880 12130
2881 26548
2882 12109
2883 3396
2884 454
2885 13054
2886 1353
2887 26110
2888 24783
2889 28283
2890 3149
2891 23242
2892 16936
2893 29562
2894 18805
2895 26914
2896 18164
2897 20958
2898 29482
2899 31640
2900 17928
2901 383
2902 27896
2903 18018
2904 18007
2905 17101
2906 13722
2907 19733
2908 32173
2909 29367
2910 31575
2911 30129
2912 10145
2913 21963
2914 19090
2915 19678
2916 18629
2917 7838
2918 2716
2919 24437
2920 12831
2921 13166
2922 15564
2923 19778
2924 22749
2925 30470
2926 12754
2927 30985
2928 22084
2929 6370
2930 10568
2931 31174
2932 9194
2933 12436
2934 3978
2935 12601
2936 26661
2937 10342
2938 19912
2939 11170
2940 26307
2941 15169
2942 24665
2943 11466
2944 27131
2945 2509
2946 10066
2947 3650
2948 14244
2949 2778
2950 9560
2951 21231
2952 26277
2953 23295
2954 8370
2955 5063
2956 10413
2957 12160
2958 23202
2959 10709
2960 23588
2961 28789
2962 20726
2963 14723
2964 31329
2965 15913
2966 15834
2967 792
2968 13853
2969 26049
2970 18928
2971 7296
2972 24103
2973 2334
2974 9379
2975 30796
2976 22618
2977 32260
2978 30392
2979 24057
2980 18637
2981 10363
2982 25381
2983 14197
2984 14665
2985 21621
2986 2599
2987 22495
2988 21760
2989 21170
2990 17039
2991 8078
2992 3195
2993 23777
2994 32092
2995 8534
2996 13781
2997 1288
2998 1935
2999 11526
3000 32039
3001 13349
3002 7739
3003 25397
3004 14659
3005 31766
3006 2268
3007 13887
3008 30885
3009 16566
3010 11753
3011 31882
3012 23206
3013 31817
3014 21933
3015 30734
3016 2291
3017 8986
3018 3922
3019 30484
3020 25918
3021 27234
3022 27711
3023 29245
3024 16179
3025 30316
3026 1444
3027 19399
3028 9902
3029 13303
3030 82
3031 5132
3032 11819
3033 24796
3034 721
3035 30539
3036 12670
3037 2032
3038 20908
3039 14507
3040 29892
3041 29740
3042 1552
3043 24189
3044 12185
3045 24331
3046 4757
3047 29634
3048 22667
3049 24116
3050 2652
3051 749
3052 17615
3053 21593
3054 24154
3055 11754
3056 28723
3057 26975
3058 1267
3059 1886
3060 340
3061 19903
3062 16331
3063 4401
3064 24081
3065 19756
3066 29657
3067 1098
3068 25663
3069 29814
3070 18365
3071 17817
3072 6814
3073 20142
3074 31827
3075 11355
3076 28172
3077 32139
3078 13192
3079 32153
3080 20217
3081 12556
3082 6508
3083 16626
3084 17179
3085 16991
3086 9097
3087 21147
3088 16227
3089 30210
3090 23156
3091 22180
3092 24111
3093 10536
3094 24993
3095 29053
3096 17857
3097 28254
3098 12667
3099 27064
3100 21232
3101 23918
3102 14260
3103 5904
3104 23581
3105 6787
3106 20954
3107 17067
3108 8297
3109 22671
3110 22060
3111 23708
3112 14117
3113 23274
3114 7851
3115 10924
3116 5003
3117 14908
3118 19060
3119 21594
3120 28843
3121 28828
3122 10572
3123 28704
3124 14759
3125 28921
3126 1405
3127 30200
3128 16931
3129 19897
3130 16353
3131 15135
3132 25336
3133 12961
3134 29244
3135 23321
3136 20264
3137 13813
3138 3022
3139 12789
3140 13591
3141 17632
3142 7209
3143 19410
3144 32760
3145 12053
3146 16449
3147 28066
3148 19845
3149 5559
3150 26050
3151 6958
3152 27635
3153 16759
3154 22694
3155 15963
3156 29733
3157 9212
3158 20230
3159 21419
3160 21536
3161 2183
3162 26416
3163 16390
3164 23999
3165 14295
3166 19451
3167 13243
3168 11687
3169 4938
3170 29527
3171 16066
3172 32382
3173 27462
3174 11048
3175 31300
3176 15448
3177 5335
3178 26709
3179 27484
3180 27762
3181 665
3182 3099
3183 800
3184 15651
3185 25817
3186 5032
3187 24539
3188 21007
3189 5367
3190 26085
3191 13213
3192 8350
3193 20494
3194 13203
3195 29686
3196 28845
3197 1239
3198 7577
3199 14078
3200 21891
3201 14539
3202 5532
3203 24984
3204 13062
3205 18568
3206 11473
3207 2808
3208 9006
3209 1910
3210 17679
3211 14691
3212 20411
3213 682
3214 22569
3215 23606
3216 5155
3217 27403
3218 18810
3219 10026
3220 31695
3221 27315
3222 30145
3223 13014
3224 28806
3225 27032
3226 30000
3227 1654
3228 11562
3229 1387
3230 17343
3231 28394
3232 18594
3233 16576
3234 17350
3235 18178
3236 27927
3237 11632
3238 20171
3239 5368
3240 3939
3241 5691
3242 18584
3243 8510
3244 15046
3245 27570
3246 26769
3247 27258
3248 17627
3249 30805
3250 11589
3251 6864
3252 32203
3253 8184
3254 11843
3255 25183
3256 12481
3257 11883
3258 16431
3259 23310
3260 2206
3261 31065
3262 7957
3263 22920
3264 11501
3265 22897
3266 4860
3267 20357
3268 11033
3269 16068
3270 17087
3271 9036
3272 32733
3273 25710
3274 10520
3275 8309
3276 21757
3277 26489
3278 24574
3279 26100
3280 18228
3281 17662
3282 13873
3283 30035
3284 18541
3285 909
3286 17171
3287 18239
3288 29238
3289 3023
3290 27833
3291 2374
3292 23665
3293 29802
3294 5186
3295 26847
3296 19532
3297 17701
3298 23655
3299 4011
3300 20340
3301 30029
3302 15956
3303 13562
3304 6022
3305 10583
3306 24758
3307 26769
3308 10695
3309 29638
3310 25878
3311 31403
3312 14100
3313 7504
3314 8037
3315 9533
3316 12316
3317 14396
3318 27608
3319 23166
3320 27084
3321 782
3322 5878
3323 23719
3324 26123
3325 24166
3326 3055
3327 759
3328 5288
3329 23078
3330 15663
3331 20475
3332 8336
3333 7635
3334 31539
3335 15628
3336 7493
3337 12350
3338 11675
3339 24345
3340 10379
3341 25187
3342 8833
3343 18599
3344 21605
3345 24977
3346 26634
3347 19733
3348 27967
3349 13515
3350 25658
3351 2341
3352 28781
3353 10607
3354 7949
3355 21688
3356 18132
3357 29461
3358 29379
3359 473
3360 6119
3361 698
3362 5755
3363 3325
3364 18646
3365 22814
3366 14083
3367 8841
3368 31745
3369 22634
3370 4591
3371 7573
3372 9395
3373 22806
3374 18152
3375 25584
3376 781
3377 1546
3378 21319
3379 17252
3380 7232
3381 17411
3382 27619
3383 13371
3384 768
3385 10297
3386 10534
3387 9473
3388 1077
3389 16959
3390 14695
3391 13196
3392 3059
3393 15658
3394 3443
3395 30522
3396 22188
3397 7157
3398 13165
3399 16506
3400 17060
3401 5412
3402 21465
3403 29070
3404 21926
3405 20904
3406 1267
3407 21647
3408 19190
3409 4867
3410 26693
3411 4785
3412 15750
3413 1196
3414 18040
3415 12488
3416 17004
3417 15541
3418 7531
3419 13579
3420 1940
3421 12203
3422 21634
3423 23064
3424 19122
3425 7102
3426 2881
3427 29497
3428 15483
3429 12065
3430 13849
3431 26086
3432 9237
3433 28084
3434 32129
3435 23691
3436 22220
3437 6625
3438 4937
3439 5771
3440 22534
3441 9411
3442 29227
3443 31108
3444 13689
3445 27022
3446 15268
3447 18389
3448 29595
3449 14379
3450 10242
3451 8285
3452 7770
3453 29474
3454 15549
3455 11142
3456 21006
3457 17597
3458 15626
3459 6530
3460 20652
3461 12139
3462 2222
3463 21973
3464 30524
3465 32098
3466 23824
3467 5140
3468 10125
3469 21384
3470 11411
3471 6636
3472 31271
3473 27540
3474 34
3475 27237
3476 19585
3477 14704
3478 5901
3479 13928
3480 32628
3481 32738
3482 14611
3483 13952
3484 31216
3485 6252
3486 28352
3487 20957
3488 17390
3489 29297
3490 5113
3491 13982
3492 19877
3493 3480
3494 30933
3495 18256
3496 14081
3497 29558
3498 1198
3499 433
3500 11089
3501 29799
3502 3960
3503 17082
3504 9536
3505 11196
3506 25938
3507 3037
3508 12038
3509 3868
3510 10331
3511 11660
3512 29407
3513 3364
3514 1223
3515 31482
3516 12220
3517 32593
3518 27442
3519 27429
3520 26169
3521 29472
3522 17715
3523 19220
3524 20944
3525 3699
3526 22581
3527 25949
3528 588
3529 4919
3530 19074
3531 17131
3532 10624
3533 17988
3534 32417
3535 26878
3536 28984
3537 15748
3538 14562
3539 14451
3540 28016
3541 22872
3542 17207
3543 21062
3544 32452
3545 27959
3546 837
3547 9557
3548 14632
3549 23449
3550 14011
3551 2407
3552 8921
3553 10515
3554 18915
3555 2924
3556 24468
3557 19139
3558 31863
3559 20231
3560 7173
3561 13294
3562 18613
3563 10569
3564 19842
3565 26344
3566 16565
3567 22720
3568 6649
3569 3380
3570 22011
3571 32432
3572 31783
3573 23277
3574 16201
3575 15776
3576 30731
3577 16740
3578 28854
3579 8472
3580 29595
3581 13579
3582 23044
3583 12970
3584 1973
3585 2706
3586 24367
3587 24623
3588 23896
3589 12111
3590 16194
3591 5971
3592 27412
3593 16611
3594 23918
3595 14932
3596 9919
3597 18459
3598 8285
3599 20998
3600 32618
3601 6932
3602 23492
3603 8475
3604 13203
3605 10915
3606 30776
3607 31905
3608 22429
3609 16115
3610 19778
3611 3532
3612 8317
3613 26480
3614 25013
3615 24822
3616 18101
3617 8676
3618 1599
3619 26084
3620 5510
3621 31968
3622 32319
3623 17739
3624 31329
3625 14686
3626 10966
3627 12178
3628 10400
3629 12196
3630 27713
3631 2266
3632 9587
3633 31596
3634 11622
3635 5692
3636 20509
3637 13121
3638 19884
3639 4177
3640 14944
3641 12076
3642 23824
3643 16120
3644 25909
3645 8848
3646 24182
3647 595
3648 13761
3649 3411
3650 1084
3651 27923
3652 13957
3653 18494
3654 6933
3655 21494
3656 30933
3657 12455
3658 5909
3659 30349
3660 10891
3661 14157
3662 30472
3663 9539
3664 13308
3665 22147
3666 29192
3667 2203
3668 29227
3669 13201
3670 9039
3671 28089
3672 24893
3673 28503
3674 10313
3675 15396
3676 19245
3677 27187
3678 25837
3679 30922
3680 20161
3681 32549
3682 25166
3683 31301
3684 21181
3685 31281
3686 31597
3687 12892
3688 14678
3689 19973
3690 19538
3691 12493
3692 26601
3693 19676
3694 5979
3695 17226
3696 30445
3697 26786
3698 5331
3699 22209
3700 7719
3701 15961
3702 24774
3703 32224
3704 12572
3705 28859
3706 31508
3707 16601
3708 16332
3709 5665
3710 3525
3711 6754
3712 12189
3713 15779
3714 28060
3715 17920
3716 24726
3717 20353
3718 2287
3719 17286
3720 13005
3721 19650
3722 14518
3723 13272
3724 35
3725 12826
3726 10209
3727 29429
3728 24110
3729 529
3730 17647
3731 4917
3732 15479
3733 14946
3734 29116
3735 7631
3736 13030
3737 14497
3738 26010
3739 15517
3740 5242
3741 21025
3742 30116
3743 12580
3744 6717
3745 8981
3746 14159
3747 15567
3748 14968
3749 22773
3750 12610
3751 24187
3752 35
3753 31780
3754 3688
3755 2360
3756 30367
3757 31951
3758 1859
3759 14414
3760 32168
3761 1816
3762 30083
3763 1151
3764 6533
3765 25204
3766 17879
3767 7820
3768 4993
3769 24657
3770 15363
3771 21243
3772 32415
3773 7677
3774 15667
3775 31510
3776 29834
3777 7619
3778 5262
3779 32567
3780 7883
3781 31575
3782 26127
3783 20035
3784 24638
3785 16244
3786 17296
3787 28277
3788 12999
3789 5827
3790 6184
3791 2909
3792 3393
3793 28671
3794 23991
3795 9512
3796 26039
3797 17751
3798 20671
3799 17697
3800 9175
3801 5395
3802 5750
3803 23416
3804 6051
3805 19835
3806 2329
3807 10818
3808 18538
3809 12276
3810 7810
3811 25026
3812 12279
3813 28525
3814 7421
3815 20967
3816 13832
3817 3577
3818 4696
3819 21781
3820 2
3821 15805
3822 16697
3823 22569
3824 26850
3825 18701
3826 30900
3827 9143
3828 13687
3829 17874
3830 2589
3831 19093
3832 22735
3833 6191
3834 20763
3835 24990
3836 23791
3837 2148
3838 510
3839 25776
3840 17350
3841 28658
3842 12883
3843 27895
3844 29796
3845 16896
3846 20405
3847 7278
3848 2152
3849 29437
3850 30950
3851 25250
3852 3511
3853 903
3854 27934
3855 32442
3856 4212
3857 12939
3858 1442
3859 25268
3860 300
3861 6830
3862 28057
3863 23537
3864 19280
3865 16108
3866 3099
3867 9460
3868 12265
3869 19071
3870 21644
3871 17511
3872 14471
3873 2051
3874 28968
3875 23902
3876 22138
3877 21463
3878 31710
3879 21728
3880 581
3881 3526
3882 14690
3883 28836
3884 28496
3885 19943
3886 2686
3887 21272
3888 10205
3889 24769
3890 1961
3891 30887
3892 9533
3893 20147
3894 31450
3895 6716
3896 14404
3897 29332
3898 11166
3899 6402
3900 22010
3901 25494
3902 12649
3903 22383
3904 7315
3905 13936
3906 16425
3907 9088
3908 9378
3909 22972
3910 8993
3911 5702
3912 29321
3913 4509
3914 23029
3915 3233
3916 7220
3917 22182
3918 3073
3919 7500
3920 30471
3921 7159
3922 17903
3923 12313
3924 25108
3925 16553
3926 13705
3927 6782
3928 146
3929 12397
3930 22475
3931 25937
3932 30858
3933 30575
3934 19773
3935 8144
3936 2516
3937 19841
3938 18560
3939 25572
3940 4418
3941 23669
3942 19238
3943 28583
3944 19483
3945 17866
3946 9415
3947 30755
3948 28619
3949 11148
3950 26704
3951 6493
3952 27096
3953 16501
3954 19359
3955 1938
3956 23576
3957 9048
3958 9549
3959 26048
3960 10530
3961 2496
3962 31947
3963 25960
3964 9474
3965 32212
3966 24753
3967 5010
3968 15921
3969 13181
3970 30546
3971 30483
3972 12996
3973 14539
3974 32148
3975 25611
3976 9699
3977 1429
3978 10239
3979 10417
3980 10621
3981 11872
3982 6675
3983 30547
3984 4154
3985 16002
3986 26591
3987 12696
3988 7089
3989 32136
3990 21967
3991 30985
3992 23260
3993 9172
3994 19142
3995 10447
3996 19656
3997 17035
3998 10348
3999 7358
4000 7057
4001 25262
4002 32202
4003 27027
4004 910
4005 8070
4006 18452
4007 27258
4008 15049
4009 16454
4010 13765
4011 18388
4012 27826
4013 5356
4014 8177
4015 23350
4016 7700
4017 6760
4018 11735
4019 5301
4020 3399
4021 10752
4022 22199
4023 17761
4024 25256
4025 14323
4026 13795
4027 29455
4028 17734
4029 25948
4030 25879
4031 6492
4032 10206
4033 26970
4034 20749
4035 31726
4036 25098
4037 5486
4038 15437
4039 28157
4040 27061
4041 31012
4042 25667
4043 13074
4044 16594
4045 26870
4046 31891
4047 23823
4048 27469
4049 27757
4050 29873
4051 19312
4052 322
4053 22409
4054 15276
4055 12240
4056 12654
4057 4963
4058 30282
4059 15279
4060 18403
4061 23057
4062 23386
4063 23410
4064 3327
4065 27082
4066 10822
4067 8875
4068 4254
4069 29514
4070 28648
4071 19867
4072 13711
4073 18296
4074 3486
4075 31734
4076 4421
4077 2119
4078 13985
4079 2277
4080 29647
4081 24794
4082 22418
4083 9297
4084 11275
4085 2283
4086 7254
4087 4447
4088 23574
4089 5997
4090 2084
4091 11831
4092 29190
4093 26736
4094 21468
4095 10506
4096 6364
4097 6726
4098 1691
4099 1619
4100 13748
4101 26084
4102 31884
4103 23645
4104 17727
4105 22154
4106 20481
4107 26629
4108 11635
4109 9383
4110 22722
4111 24257
4112 22401
4113 14327
4114 13732
4115 8673
4116 9736
4117 5358
4118 5214
4119 14101
4120 7048
4121 14681
4122 11161
4123 10800
4124 17689
4125 11331
4126 6982
4127 15403
4128 15709
4129 17685
4130 10036
4131 877
4132 23475
4133 28162
4134 32738
4135 24905
4136 25517
4137 26018
4138 3474
4139 28873
4140 18629
4141 17373
4142 29086
4143 21162
4144 23115
4145 17931
4146 12815
4147 31399
4148 27554
4149 9817
4150 17260
4151 25083
4152 19628
4153 623
4154 25808
4155 17185
4156 9859
4157 5456
4158 575
4159 17118
4160 4202
4161 18561
4162 4410
4163 10881
4164 28931
4165 24685
4166 7057
4167 5994
4168 32706
4169 18440
4170 27769
4171 17353
4172 31393
4173 16307
4174 5086
4175 19624
4176 25621
4177 29536
4178 13307
4179 6444
4180 23873
4181 15350
4182 19751
4183 18199
4184 28778
4185 4087
4186 31730
4187 16530
4188 24492
4189 26464
4190 23920
4191 24362
4192 19435
4193 5840
4194 3541
4195 16408
4196 18444
4197 26093
4198 30018
4199 11717
4200 11364
4201 25859
4202 22239
4203 17037
4204 15984
4205 17903
4206 22058
4207 10435
4208 199
4209 15420
4210 26255
4211 7158
4212 16206
4213 10379
4214 22840
4215 3955
4216 11179
4217 4920
4218 32038
4219 7691
4220 7676
4221 14906
4222 1409
4223 10007
4224 19912
4225 13899
4226 10796
4227 15545
4228 5941
4229 31562
4230 13981
4231 18276
4232 8316
4233 14301
4234 31468
4235 670
4236 29595
4237 22618
4238 21289
4239 14084
4240 24650
4241 12520
4242 14579
4243 21903
4244 14895
4245 4833
4246 4934
4247 22551
4248 18261
4249 20859
4250 14485
4251 2837
4252 29403
4253 31144
4254 22297
4255 9389
4256 6121
4257 16698
4258 14184
4259 19692
4260 30952
4261 29003
4262 3401
4263 31566
4264 14067
4265 20444
4266 19143
4267 19843
4268 23944
4269 19644
4270 10628
4271 15218
4272 22148
4273 30124
4274 24144
4275 19583
4276 23118
4277 30144
4278 11002
4279 12809
4280 12370
4281 9224
4282 16998
4283 27447
4284 21425
4285 25968
4286 13024
4287 22005
4288 20534
4289 26085
4290 19120
4291 20793
4292 27533
4293 27833
4294 10991
4295 21643
4296 28335
4297 20553
4298 31897
4299 8388
4300 9121
4301 19677
4302 31715
4303 28182
4304 23390
4305 17103
4306 19918
4307 15180
4308 4114
4309 8176
4310 21500
4311 8787
4312 30600
4313 30759
4314 29378
4315 22010
4316 6630
4317 4443
4318 32128
4319 11510
4320 16536
4321 26259
4322 15661
4323 24105
4324 20874
4325 26204
4326 17718
4327 21028
4328 27290
4329 28780
4330 2697
4331 11754
4332 20813
4333 22148
4334 28908
4335 31478
4336 2752
4337 25755
4338 17044
4339 4224
4340 12258
4341 13368
4342 17907
4343 8701
4344 20961
4345 20256
4346 26065
4347 5861
4348 738
4349 25905
4350 8094
4351 4024
4352 22261
4353 6542
4354 11271
4355 15427
4356 29000
4357 11004
4358 5575
4359 26400
4360 29083
4361 31628
4362 12992
4363 23164
4364 22003
4365 15227
4366 13130
4367 540
4368 9363
4369 15190
4370 15307
4371 28322
4372 29224
4373 10593
4374 15496
4375 7693
4376 6212
4377 15930
4378 31674
4379 11648
4380 12301
4381 7354
4382 1509
4383 22596
4384 9527
4385 26908
4386 30821
4387 26639
4388 29999
4389 23393
4390 23113
4391 31367
4392 28313
4393 20722
4394 30565
4395 16386
4396 1277
4397 8584
4398 29091
4399 6032
4400 3261
4401 15177
4402 31898
4403 11323
4404 29515
4405 18996
4406 30562
4407 30605
4408 18328
4409 28350
4410 22694
4411 19795
4412 9936
4413 18365
4414 8442
4415 21665
4416 24900
4417 21382
4418 18287
4419 4630
4420 27560
4421 27730
4422 21605
4423 26465
4424 28798
4425 25575
4426 7841
4427 11268
4428 5586
4429 628
4430 24224
4431 17240
4432 19240
4433 27836
4434 3114
4435 21458
4436 13235
4437 13686
4438 14890
4439 900
4440 199
4441 7668
4442 25788
4443 24039
4444 20625
4445 18948
4446 25992
4447 18135
4448 25862
4449 27412
4450 591
4451 7903
4452 18201
4453 9881
4454 18883
4455 31927
4456 10801
4457 15281
4458 12956
4459 8203
4460 9178
4461 11270
4462 12520
4463 382
4464 3002
4465 27638
4466 13730
4467 9199
4468 6088
4469 24050
4470 19591
4471 2811
4472 2232
4473 7460
4474 19493
4475 31427
4476 31417
4477 23381
4478 19509
4479 25839
4480 11875
4481 22029
4482 22058
4483 9971
4484 24043
4485 9980
4486 1034
4487 32144
4488 29338
4489 29592
4490 381
4491 20894
4492 11901
4493 16392
4494 8996
4495 16906
4496 7773
4497 26945
4498 2091
4499 3867
4500 26609
4501 2671
4502 31266
4503 19193
4504 18515
4505 20886
4506 32520
4507 29551
4508 22193
4509 1913
4510 20905
4511 22768
4512 24389
4513 20155
4514 13355
4515 30424
4516 27271
4517 24132
4518 20707
4519 8437
4520 17569
4521 15078
4522 7533
4523 10822
4524 6435
4525 13376
4526 29691
4527 26882
4528 30456
4529 10467
4530 22253
4531 15324
4532 20633
4533 21940
4534 4770
4535 29830
4536 19584
4537 13458
4538 12686
4539 19316
4540 31200
4541 11832
4542 30349
4543 16610
4544 15763
4545 9060
4546 20855
4547 3864
4548 2899
4549 4409
4550 501
4551 4589
4552 16174
4553 21729
4554 23699
4555 18314
4556 11060
4557 21112
4558 26134
4559 20080
4560 11635
4561 805
4562 14607
4563 1213
4564 25125
4565 11914
4566 27056
4567 11434
4568 17959
4569 21343
4570 23519
4571 14937
4572 23981
4573 857
4574 16265
4575 11982
4576 13109
4577 13905
4578 10041
4579 9275
4580 17081
4581 22690
4582 27881
4583 28544
4584 9513
4585 6355
4586 22808
4587 31474
4588 4120
4589 14454
4590 16412
4591 15963
4592 32182
4593 25679
4594 2490
4595 30787
4596 4350
4597 22457
4598 22260
4599 3182
4600 2608
4601 20294
4602 14882
4603 11174
4604 24450
4605 3750
4606 13636
4607 10427
4608 19986
4609 32202
4610 29335
4611 7879
4612 30496
4613 8520
4614 27494
4615 19638
4616 23930
4617 29186
4618 28963
4619 18950
4620 22327
4621 22531
4622 19638
4623 30924
4624 18344
4625 19625
4626 26645
4627 22776
4628 13708
4629 26633
4630 13845
4631 8409
4632 4483
4633 23951
4634 19584
4635 16100
4636 16582
4637 11237
4638 25703
4639 10417
4640 16404
4641 1046
4642 13497
4643 6982
4644 29424
4645 11252
4646 23317
4647 12440
4648 29449
4649 24503
4650 18141
4651 28239
4652 29690
4653 30438
4654 23180
4655 12746
4656 3891
4657 20603
4658 14153
4659 7523
4660 3127
4661 19010
4662 26300
4663 27380
4664 30985
4665 18306
4666 22304
4667 18330
4668 9952
4669 2783
4670 23961
4671 7352
4672 24354
4673 26495
4674 13000
4675 27199
4676 25744
4677 3436
4678 7581
4679 5677
4680 5310
4681 30009
4682 16493
4683 21844
4684 15815
4685 12009
4686 15429
4687 4445
4688 31806
4689 6156
4690 7805
4691 28684
4692 13672
4693 15659
4694 19600
4695 24518
4696 424
4697 27238
4698 25131
4699 19792
4700 6970
4701 12124
4702 13699
4703 26329
4704 9508
4705 23115
4706 30188
4707 4155
4708 24170
4709 11896
4710 6312
4711 27774
4712 5506
4713 22994
4714 2044
4715 8349
4716 28679
4717 28114
4718 18569
4719 13197
4720 23218
4721 24485
4722 2266
4723 12156
4724 13701
4725 21389
4726 20282
4727 26711
4728 4169
4729 14213
4730 14792
4731 2958
4732 2875
4733 28964
4734 1229
4735 23835
4736 12291
4737 8899
4738 19276
4739 17857
4740 22245
4741 19426
4742 13787
4743 5777
4744 27707
4745 18632
4746 2994
4747 9651
4748 10787
4749 30058
4750 23042
4751 10339
4752 6773
4753 30606
4754 9608
4755 28218
4756 29944
4757 29744
4758 23137
4759 25007
4760 11733
4761 13349
4762 28192
4763 29149
4764 18507
4765 31742
4766 26654
4767 18823
4768 16805
4769 6959
4770 17425
4771 30553
4772 10345
4773 30321
4774 25312
4775 27504
4776 13267
4777 4452
4778 32182
4779 28189
4780 28545
4781 23417
4782 20310
4783 29670
4784 20336
4785 17423
4786 26542
4787 29390
4788 16423
4789 23004
4790 23982
4791 7383
4792 1842
4793 31119
4794 21338
4795 9156
4796 2002
4797 20403
4798 30
4799 27171
4800 16371
4801 12759
4802 13666
4803 17803
4804 4446
4805 4844
4806 4447
4807 13859
4808 11056
4809 5870
4810 21553
4811 14179
4812 10123
4813 2503
4814 2861
4815 3615
4816 12683
4817 15728
4818 1652
4819 14273
4820 18300
4821 4953
4822 19656
4823 24278
4824 27978
4825 13579
4826 415
4827 30924
4828 25400
4829 16396
4830 29046
4831 28921
4832 13525
4833 26882
4834 14440
4835 1248
4836 13357
4837 23068
4838 14079
4839 13744
4840 13628
4841 20654
4842 18762
4843 29454
4844 7592
4845 15899
4846 29744
4847 25364
4848 7343
4849 28664
4850 32003
4851 27546
4852 8029
4853 878
4854 8025
4855 24756
4856 21763
4857 10208
4858 21783
4859 31867
4860 22502
4861 29902
4862 25806
4863 1041
4864 20020
4865 22266
4866 10827
4867 15839
4868 5948
4869 22729
4870 19817
4871 7457
4872 22749
4873 18923
4874 23338
4875 18085
4876 319
4877 2622
4878 29958
4879 21199
4880 4290
4881 31728
4882 2691
4883 28897
4884 16436
4885 24805
4886 20742
4887 20345
4888 22343
4889 10072
4890 28137
4891 28252
4892 18242
4893 27076
4894 1741
4895 15729
4896 24054
4897 9733
4898 11314
4899 11537
4900 9460
4901 28602
4902 21061
4903 4990
4904 16637
4905 8687
4906 19448
4907 2992
4908 26042
4909 21497
4910 31832
4911 12632
4912 12717
4913 5536
4914 12828
4915 24095
4916 1640
4917 13956
4918 24953
4919 19502
4920 12541
4921 7353
4922 12350
4923 16884
4924 30389
4925 28341
4926 2076
4927 11043
4928 23045
4929 5228
4930 9029
4931 17148
4932 11197
4933 21433
4934 18234
4935 13261
4936 15491
4937 3072
4938 8669
4939 20408
4940 17024
4941 21778
4942 31950
4943 18101
4944 18265
4945 1360
4946 15092
4947 32218
4948 12897
4949 25364
4950 21594
4951 27611
4952 17165
4953 1356
4954 17469
4955 7885
4956 4008
4957 10088
4958 7523
4959 20271
4960 23623
4961 29815
4962 14510
4963 9258
4964 24064
4965 3468
4966 12784
4967 3352
4968 15959
4969 20327
4970 9985
4971 21572
4972 29433
4973 6993
4974 27919
4975 20208
4976 15789
4977 10056
4978 12342
4979 20125
4980 26759
4981 6492
4982 12624
4983 14214
4984 4702
4985 29273
4986 5647
4987 24686
4988 8065
4989 2982
4990 32585
4991 8091
4992 8870
4993 11373
4994 22930
4995 10531
4996 21027
4997 31228
4998 7184
4999 8806
5000 23905
5001 18284
5002 27019
5003 3804
5004 13965
5005 2176
5006 18372
5007 31249
5008 9360
5009 27599
5010 24840
5011 749
5012 12610
5013 24614
5014 1028
5015 11321
5016 18394
5017 2344
5018 21979
5019 5727
5020 6058
5021 26423
5022 27254
5023 1649
5024 3849
5025 13976
5026 14108
5027 24173
5028 656
5029 18897
5030 4930
5031 27328
5032 21641
5033 25430
5034 15268
5035 10504
5036 12452
5037 21093
5038 2964
5039 27678
5040 12268
5041 22319
5042 24722
5043 340
5044 30970
5045 4664
5046 23582
5047 15099
5048 12392
5049 768
5050 30666
5051 1065
5052 19849
5053 23011
5054 8083
5055 25017
5056 10071
5057 8510
5058 18033
5059 1170
5060 19885
5061 467
5062 10541
5063 20781
5064 695
5065 9839
5066 13171
5067 81
5068 26790
5069 714
5070 15144
5071 15649
5072 14248
5073 430
5074 1533
5075 25689
5076 4119
5077 24155
5078 19781
5079 18645
5080 15600
5081 11563
5082 13316
5083 8531
5084 31368
5085 22386
5086 25416
5087 889
5088 5498
5089 3752
5090 16572
5091 4122
5092 30180
5093 31434
5094 29562
5095 13493
5096 27347
5097 10237
5098 11041
5099 9790
5100 18939
5101 30581
5102 23847
5103 31009
5104 14252
5105 6037
5106 27761
5107 31365
5108 11009
5109 18263
5110 28449
5111 11981
5112 603
5113 26863
5114 1712
5115 6501
5116 15373
5117 10155
5118 32316
5119 12731
5120 10073
5121 13598
5122 8995
5123 10635
5124 8604
5125 24957
5126 3024
5127 26720
5128 13253
5129 4937
5130 16597
5131 24664
5132 9227
5133 25134
5134 31802
5135 8231
5136 20448
5137 22828
5138 29461
5139 18014
5140 25120
5141 9204
5142 23899
5143 14830
5144 14735
5145 11157
5146 12278
5147 19431
5148 4994
5149 26199
5150 15640
5151 9862
5152 20188
5153 24295
5154 11982
5155 11631
5156 23356
5157 14005
5158 4056
5159 13111
5160 10357
5161 10139
5162 22200
5163 10277
5164 10815
5165 18623
5166 9993
5167 9786
5168 17452
5169 6842
5170 15634
5171 32366
5172 12765
5173 7930
5174 14235
5175 11069
5176 16245
5177 32356
5178 13311
5179 19554
5180 26190
5181 830
5182 28803
5183 4067
5184 8683
5185 27213
5186 26854
5187 11341
5188 4398
5189 20282
5190 8506
5191 20545
5192 14283
5193 14395
5194 4850
5195 11055
5196 29693
5197 1263
5198 28731
5199 29538
5200 31864
5201 17545
5202 12688
5203 3389
5204 31390
5205 14128
5206 8584
5207 14276
5208 5365
5209 32422
5210 23283
5211 25182
5212 32217
5213 16936
5214 27942
5215 4056
5216 23150
5217 18838
5218 6803
5219 27310
5220 5593
5221 21460
5222 26013
5223 28294
5224 29872
5225 11376
5226 24490
5227 19198
5228 31918
5229 17541
5230 28281
5231 25511
5232 1196
5233 21215
5234 31670
5235 4433
5236 204
5237 16223
5238 17099
5239 2186
5240 24312
5241 23969
5242 12538
5243 2401
5244 1931
5245 15069
5246 2984
5247 15472
5248 22093
5249 779
5250 20732
5251 24857
5252 8101
5253 16715
5254 1705
5255 12559
5256 5642
5257 32643
5258 27400
5259 7448
5260 9147
5261 2378
5262 15466
5263 18194
5264 3248
5265 22021
5266 2732
5267 23860
5268 27856
5269 24143
5270 18188
5271 14999
5272 26212
5273 24735
5274 1594
5275 28917
5276 5324
5277 22820
5278 10419
5279 8112
5280 6000
5281 12532
5282 23882
5283 15382
5284 18682
5285 26726
5286 12807
5287 12003
5288 30403
5289 16572
5290 10037
5291 27399
5292 11402
5293 10502
5294 30903
5295 25002
5296 26732
5297 29251
5298 4507
5299 30574
5300 19216
5301 3784
5302 24050
5303 24308
5304 6179
5305 24806
5306 28382
5307 31905
5308 6916
5309 23751
5310 9452
5311 14242
5312 17344
5313 409
5314 21668
5315 23597
5316 4160
5317 28142
5318 6495
5319 29450
5320 5569
5321 4963
5322 19033
5323 12883
5324 16005
5325 19840
5326 17927
5327 27512
5328 4040
5329 24544
5330 1963
5331 6789
5332 3062
5333 8082
5334 15141
5335 31400
5336 1307
5337 19390
5338 17164
5339 17390
5340 29595
5341 22924
5342 25853
5343 30285
5344 9507
5345 14145
5346 4147
5347 21991
5348 22495
5349 19116
5350 29272
5351 31885
5352 5614
5353 11968
5354 20123
5355 9346
5356 25875
5357 29826
5358 19203
5359 4226
5360 7853
5361 27430
5362 10243
5363 13571
5364 1001
5365 13172
5366 5710
5367 1723
5368 25142
5369 8817
5370 7916
5371 4706
5372 23545
5373 14140
5374 20878
5375 16825
5376 10626
5377 10294
5378 11551
5379 29131
5380 26175
5381 19301
5382 30363
5383 15987
5384 15920
5385 24091
5386 29220
5387 10014
5388 3995
5389 28626
5390 12883
5391 28882
5392 21761
5393 29787
5394 29132
5395 26992
5396 27472
5397 16696
5398 11029
5399 28726
5400 2138
5401 31302
5402 25256
5403 26503
5404 30086
5405 12703
5406 22342
5407 29679
5408 25286
5409 16062
5410 3215
5411 11362
5412 26057
5413 4324
5414 25552
5415 8132
5416 31089
5417 187
5418 14108
5419 21423
5420 4487
5421 25913
5422 10910
5423 8304
5424 5806
5425 28616
5426 10285
5427 3666
5428 24213
5429 5028
5430 14625
5431 6176
5432 29809
5433 31876
5434 12901
5435 30437
5436 17835
5437 22652
5438 26318
5439 23286
5440 1749
5441 31010
5442 21419
5443 13874
5444 25827
5445 4080
5446 31646
5447 31625
5448 22168
5449 2537
5450 25514
5451 30651
5452 8766
5453 20095
5454 26252
5455 10082
5456 27546
5457 26037
5458 21071
5459 11827
5460 24095
5461 18817
5462 1051
5463 21377
5464 18274
5465 26228
5466 30286
5467 10242
5468 13774
5469 3996
5470 29901
5471 14550
5472 28569
5473 27050
5474 27549
5475 29637
5476 22006
5477 4432
5478 941
5479 8393
5480 2189
5481 237
5482 502
5483 5324
5484 23848
5485 31084
5486 7366
5487 434
5488 32687
5489 29289
5490 15193
5491 1946
5492 20054
5493 21910
5494 21418
5495 27489
5496 17941
5497 2398
5498 23176
5499 5736
5500 4953
5501 3784
5502 31212
5503 17304
5504 6905
5505 13981
5506 394
5507 32163
5508 3947
5509 12749
5510 17830
5511 21132
5512 26168
5513 271
5514 24617
5515 24681
5516 16813
5517 1992
5518 2036
5519 8040
5520 8915
5521 17966
5522 29300
5523 3344
5524 30626
5525 32429
5526 29559
5527 7369
5528 22898
5529 19082
5530 20286
5531 4511
5532 4018
5533 25030
5534 29395
5535 9539
5536 10972
5537 6725
5538 1693
5539 8274
5540 19368
5541 25135
5542 3889
5543 18394
5544 27265
5545 14743
5546 4203
5547 17435
5548 13109
5549 28506
5550 26302
5551 25738
5552 18672
5553 9546
5554 19144
5555 25884
5556 1643
5557 24460
5558 13097
5559 6336
5560 3681
5561 9023
5562 2198
5563 7469
5564 16451
5565 26718
5566 24617
5567 31711
5568 25900
5569 25320
5570 12283
5571 23644
5572 10519
5573 26430
5574 12789
5575 11196
5576 13392
5577 28108
5578 26851
5579 23912
5580 31016
5581 31211
5582 31690
5583 10530
5584 2541
5585 26630
5586 23420
5587 27206
5588 2841
5589 26364
5590 26217
5591 1103
5592 5578
5593 8390
5594 32440
5595 28828
5596 7794
5597 22106
5598 18071
5599 22901
5600 13264
5601 29391
5602 30415
5603 26185
5604 10783
5605 22977
5606 923
5607 7481
5608 1677
5609 29943
5610 954
5611 32219
5612 16110
5613 17731
5614 3523
5615 14647
5616 8626
5617 31402
5618 32697
5619 11030
5620 31252
5621 22469
5622 25823
5623 30845
5624 17557
5625 25703
5626 28109
5627 30580
5628 1961
5629 13185
5630 11972
5631 17419
5632 9392
5633 16450
5634 6207
5635 9887
5636 13607
5637 9858
5638 24010
5639 12122
5640 18464
5641 14944
5642 16151
5643 11001
5644 5103
5645 17194
5646 26447
5647 21714
5648 28711
5649 23934
5650 22182
5651 27157
5652 11205
5653 18607
5654 2610
5655 594
5656 5034
5657 9066
5658 22013
5659 20795
5660 15695
5661 23450
5662 9561
5663 13740
5664 27060
5665 21896
5666 5491
5667 14824
5668 5273
5669 3655
5670 7723
5671 26918
5672 1009
5673 15695
5674 15651
5675 7756
5676 27540
5677 14696
5678 22294
5679 12282
5680 31028
5681 9418
5682 17260
5683 7626
5684 23698
5685 9346
5686 13835
5687 8918
5688 8177
5689 10007
5690 31599
5691 20859
5692 25803
5693 32366
5694 15101
5695 7261
5696 22724
5697 20715
5698 13204
5699 28843
5700 30428
5701 9689
5702 9830
5703 17829
5704 26856
5705 4364
5706 25606
5707 17755
5708 7491
5709 16836
5710 12225
5711 29367
5712 25793
5713 30933
5714 27954
5715 28861
5716 11492
5717 10757
5718 19473
5719 20242
5720 10835
5721 19638
5722 26188
5723 32699
5724 1927
5725 8133
5726 1113
5727 23080
5728 27592
5729 25777
5730 31690
5731 20337
5732 28248
5733 22016
5734 23586
5735 13279
5736 18926
5737 23774
5738 24039
5739 16814
5740 25701
5741 18952
5742 18424
5743 14609
5744 32438
5745 5608
5746 16161
5747 16759
5748 8484
5749 27649
5750 13293
5751 28685
5752 6070
5753 1422
5754 25275
5755 6020
5756 4842
5757 5990
5758 6676
5759 17684
5760 16552
5761 22307
5762 15164
5763 3777
5764 29045
5765 23427
5766 10503
5767 5853
5768 7657
5769 23567
5770 6382
5771 26830
5772 24675
5773 5114
5774 31330
5775 4881
5776 14075
5777 19531
5778 26721
5779 8831
5780 8632
5781 20799
5782 22854
5783 25295
5784 28932
5785 22248
5786 229
5787 2141
5788 22620
5789 4379
5790 6359
5791 10025
5792 6476
5793 649
5794 787
5795 6947
5796 23195
5797 18220
5798 31422
5799 17830
5800 32707
5801 24037
5802 18245
5803 17474
5804 5283
5805 13667
5806 9640
5807 1214
5808 8568
5809 70
5810 23577
5811 23133
5812 31498
5813 5252
5814 11205
5815 30817
5816 25379
5817 23052
5818 5362
5819 30158
5820 3397
5821 3242
5822 8522
5823 15984
5824 23452
5825 21803
5826 10358
5827 5407
5828 26674
5829 32193
5830 17135
5831 2882
5832 11874
5833 17833
5834 24337
5835 4498
5836 26767
5837 6154
5838 11378
5839 1569
5840 30230
5841 10785
5842 20849
5843 25498
5844 23936
5845 17563
5846 7954
5847 30154
5848 16125
5849 15426
5850 14089
5851 14175
5852 19214
5853 24028
5854 22548
5855 15600
5856 4481
5857 20816
5858 17550
5859 20798
5860 15522
5861 14347
5862 30530
5863 9914
5864 3248
5865 2722
5866 6781
5867 16967
5868 10126
5869 31161
5870 30055
5871 832
5872 4283
5873 22051
5874 17298
5875 27837
5876 23940
5877 17483
5878 10964
5879 5138
5880 31096
5881 16082
5882 17234
5883 22681
5884 3869
5885 11385
5886 26078
5887 18610
5888 26849
5889 3394
5890 13443
5891 22535
5892 24147
5893 722
5894 4445
5895 19221
5896 8595
5897 14362
5898 30638
5899 31720
5900 263
5901 27702
5902 27439
5903 23589
5904 29008
5905 9365
5906 29092
5907 22606
5908 29565
5909 19035
5910 19123
5911 66
5912 11134
5913 14083
5914 23030
5915 6403
5916 15067
5917 29769
5918 30543
5919 31676
5920 13222
5921 13127
5922 6524
5923 26115
5924 14254
5925 16094
5926 3819
5927 8027
5928 6133
5929 27991
5930 14543
5931 6141
5932 2148
5933 21834
5934 31859
5935 25816
5936 15294
5937 18879
5938 24270
5939 15574
5940 31699
5941 24980
5942 32345
5943 23393
5944 4598
5945 3615
5946 24349
5947 27686
5948 5040
5949 1299
5950 15632
5951 25624
5952 26550
5953 424
5954 22689
5955 27576
5956 5913
5957 8438
5958 29074
5959 16020
5960 16061
5961 23970
5962 25606
5963 9230
5964 13580
5965 28349
5966 7131
5967 25951
5968 14315
5969 3561
5970 21049
5971 25820
5972 14061
5973 26814
5974 18795
5975 14967
5976 3527
5977 16748
5978 31470
5979 31112
5980 17157
5981 673
5982 27592
5983 974
5984 7931
5985 19117
5986 6939
5987 3504
5988 12029
5989 12772
5990 16122
5991 14281
5992 2259
5993 20547
5994 17275
5995 24996
5996 25191
5997 18007
5998 16398
5999 6596
6000 20929
