1 22462
2 17190
3 5465
4 20525
5 32603
6 14079
7 21496
8 14094
9 3773
10 14343
11 20885
12 4440
13 1719
14 15061
15 2873
16 6022
17 28452
18 21478
19 32571
20 23323
21 11726
22 17136
23 23374
24 19604
25 17550
26 18546
27 19391
28 23963
29 15028
30 31120
31 20471
32 4989
33 13736
34 1566
35 14407
36 7646
37 1234
38 9467
39 12517
40 17836
41 9400
42 6816
43 32305
44 18513
45 32102
46 3576
47 20029
48 29485
49 24595
50 8051
51 17293
52 4931
53 2049
54 30294
55 7451
56 3378
57 8869
58 14421
59 8094
60 12648
61 8968
62 8035
63 9228
64 8338
65 25709
66 8649
67 28510
68 21590
69 24628
70 24693
71 14227
72 8261
73 31486
74 20373
75 31223
76 16139
77 11538
78 19813
79 1701
80 16361
81 2560
82 6981
83 25931
84 26726
85 27524
86 27919
87 30509
88 24129
89 17324
90 679
91 31341
92 11689
93 23101
94 32724
95 21129
96 32688
97 31060
98 30286
99 14885
100 5374
101 19785
102 22040
103 16907
104 22722
105 31704
106 14351
107 16752
108 8175
109 13955
110 14020
111 7033
112 26788
113 19506
114 18823
115 32253
116 11755
117 32285
118 21956
119 32141
120 9127
121 7147
122 27283
123 12977
124 28360
125 11035
126 23178
127 15477
128 11713
129 7588
130 10197
131 19492
132 25916
133 23512
134 30345
135 7764
136 9484
137 9614
138 31030
139 1314
140 31075
141 3712
142 3004
143 26559
144 31813
145 6642
146 28767
147 23340
148 6972
149 14741
150 25373
151 14401
152 25934
153 13226
154 30526
155 21236
156 29996
157 13418
158 29486
159 14040
160 19372
161 3750
162 7816
163 3300
164 11897
165 28587
166 13939
167 3702
168 24329
169 2664
170 31793
171 10647
172 15824
173 32211
174 4597
175 14977
176 11700
177 31368
178 6645
179 32351
180 19392
181 27571
182 19393
183 9043
184 20252
185 10033
186 29651
187 6589
188 9533
189 26866
190 4455
191 2747
192 7769
193 7586
194 1677
195 6124
196 15902
197 16520
198 3708
199 18554
200 1187
201 20654
202 28201
203 18263
204 17311
205 8514
206 4888
207 22214
208 21465
209 2364
210 5234
211 7454
212 16095
213 13889
214 19033
215 11978
216 12539
217 9927
218 28536
219 31125
220 18275
221 3963
222 222
223 29989
224 3760
225 12255
226 20492
227 15556
228 17809
229 23096
230 31564
231 30311
232 14273
233 12967
234 16453
235 10984
236 17718
237 27030
238 23757
239 29591
240 27036
241 30037
242 29182
243 8433
244 22529
245 3845
246 7564
247 16047
248 32466
249 30390
250 15701
251 6403
252 2054
253 17100
254 4410
255 10014
256 10649
257 16039
258 12078
259 32501
260 23100
261 7299
262 32140
263 13893
264 15947
265 32412
266 10158
267 21716
268 24831
269 7062
270 16571
271 15355
272 3557
273 541
274 2240
275 10081
276 24206
277 16329
278 2051
279 11017
280 20616
281 28484
282 29844
283 21135
284 30606
285 29102
286 5668
287 17838
288 8188
289 22336
290 7194
291 5638
292 30086
293 15152
294 6628
295 6684
296 552
297 5845
298 7563
299 31139
300 6496
301 20492
302 5259
303 20218
304 924
305 1754
306 29409
307 501
308 32238
309 26195
310 20581
311 16352
312 25095
313 31930
314 28762
315 13505
316 2659
317 24297
318 26436
319 27102
320 18113
321 6899
322 21241
323 28031
324 29910
325 15881
326 22779
327 10229
328 4418
329 29082
330 24325
331 475
332 21699
333 29630
334 12772
335 16284
336 12713
337 28373
338 3720
339 13878
340 17802
341 29803
342 16731
343 15677
344 4918
345 8032
346 20434
347 546
348 6381
349 8517
350 24641
351 8373
352 5840
353 16136
354 21491
355 9449
356 6550
357 212
358 18298
359 22999
360 7552
361 6451
362 27972
363 2566
364 23951
365 18294
366 30319
367 5354
368 8948
369 14678
370 32222
371 32170
372 10440
373 12251
374 10637
375 22311
376 26621
377 27517
378 30241
379 12601
380 24469
381 9098
382 24772
383 27451
384 11537
385 3271
386 25391
387 4043
388 2349
389 13146
390 30216
391 7627
392 31946
393 11239
394 3439
395 25259
396 25132
397 24570
398 17364
399 18923
400 1637
401 31141
402 9995
403 17883
404 32529
405 12906
406 23458
407 13734
408 2116
409 2394
410 2674
411 27790
412 32449
413 9343
414 19572
415 15993
416 19053
417 24952
418 2262
419 13741
420 19715
421 22883
422 31054
423 21976
424 10504
425 23552
426 18607
427 4179
428 29954
429 9746
430 32698
431 19879
432 12005
433 22281
434 13366
435 12369
436 974
437 27103
438 11843
439 29890
440 16371
441 13632
442 30699
443 4778
444 31450
445 14061
446 2810
447 886
448 21450
449 11874
450 4367
451 21015
452 21120
453 19127
454 27124
455 22534
456 16418
457 28612
458 27691
459 19333
460 3193
461 22152
462 5065
463 807
464 4954
465 3276
466 5000
467 4754
468 22117
469 6147
470 31767
471 9348
472 32499
473 16245
474 28084
475 13844
476 15433
477 16796
478 2045
479 5947
480 21010
481 30926
482 3075
483 21650
484 27404
485 13085
486 25761
487 28253
488 1025
489 16764
490 2316
491 201
492 761
493 547
494 28074
495 16754
496 20142
497 27188
498 30504
499 30248
500 31296
501 21150
502 9159
503 18675
504 22826
505 3137
506 24310
507 7508
508 3957
509 32596
510 13094
511 19150
512 29227
513 23044
514 19930
515 24741
516 19471
517 4702
518 2557
519 22246
520 23179
521 16239
522 29817
523 20647
524 5866
525 3498
526 32517
527 21392
528 8135
529 21130
530 21822
531 6299
532 22213
533 888
534 2042
535 23063
536 1665
537 5102
538 729
539 17139
540 9413
541 32477
542 29
543 25401
544 1279
545 32588
546 28347
547 19929
548 3825
549 15426
550 32433
551 17320
552 19881
553 27623
554 18331
555 4008
556 27316
557 12774
558 15745
559 30858
560 27023
561 15637
562 26612
563 27505
564 14174
565 26712
566 3929
567 17401
568 25312
569 25283
570 21636
571 21880
572 4259
573 8958
574 26249
575 6532
576 32628
577 10734
578 19150
579 10165
580 12570
581 22673
582 27493
583 23211
584 2884
585 23850
586 24473
587 18003
588 1215
589 31647
590 8903
591 25447
592 13036
593 13599
594 11632
595 5172
596 19314
597 4871
598 9355
599 26272
600 28208
601 6407
602 4896
603 14187
604 19318
605 8833
606 25106
607 6837
608 31348
609 12081
610 573
611 11713
612 5106
613 25363
614 31936
615 13816
616 25922
617 15745
618 23964
619 12593
620 20339
621 19356
622 11391
623 15151
624 9928
625 23022
626 26586
627 27755
628 9832
629 26958
630 13881
631 5652
632 19543
633 27395
634 16852
635 32597
636 12709
637 2092
638 29281
639 2006
640 13030
641 30815
642 31021
643 21381
644 31970
645 11152
646 25451
647 25494
648 20877
649 19252
650 9932
651 16584
652 6457
653 22183
654 23632
655 6891
656 5130
657 24267
658 7515
659 415
660 16298
661 9459
662 14091
663 6750
664 17727
665 8447
666 10185
667 30653
668 922
669 13000
670 6942
671 30190
672 2481
673 702
674 22472
675 16522
676 5456
677 21967
678 21518
679 25997
680 27147
681 22667
682 25680
683 6563
684 5239
685 9606
686 14306
687 4514
688 28058
689 2814
690 6171
691 5463
692 29343
693 21438
694 7592
695 12165
696 17614
697 5954
698 20518
699 7979
700 26044
701 21788
702 25585
703 28166
704 959
705 24471
706 2614
707 20567
708 27301
709 22937
710 1872
711 12774
712 27814
713 19406
714 849
715 5191
716 22422
717 5378
718 18654
719 8796
720 19040
721 14799
722 26177
723 7451
724 32431
725 22393
726 25785
727 1425
728 23278
729 15894
730 2580
731 10279
732 24691
733 30194
734 22656
735 27941
736 18935
737 13361
738 16543
739 4724
740 28234
741 694
742 14809
743 12968
744 15172
745 8004
746 13558
747 15678
748 23807
749 21987
750 7404
751 17441
752 25923
753 23174
754 23029
755 17011
756 1858
757 26090
758 2789
759 16523
760 15238
761 6593
762 26811
763 31034
764 24615
765 28688
766 2166
767 25683
768 10561
769 14806
770 28458
771 19050
772 30117
773 28910
774 11346
775 17883
776 23503
777 24886
778 28264
779 21775
780 793
781 27889
782 17843
783 25082
784 7470
785 28778
786 2401
787 25320
788 5056
789 2267
790 4821
791 30842
792 15998
793 17036
794 17218
795 11499
796 13632
797 29247
798 1913
799 14488
800 4741
801 15820
802 19967
803 28608
804 14880
805 6153
806 9059
807 15752
808 30766
809 13292
810 26830
811 20546
812 3147
813 13044
814 22748
815 23278
816 29958
817 4804
818 20138
819 4097
820 3986
821 7698
822 817
823 14694
824 24510
825 25791
826 13522
827 4547
828 5158
829 32583
830 27953
831 17149
832 6827
833 8540
834 22855
835 11774
836 22818
837 16334
838 26547
839 24502
840 24137
841 19886
842 8529
843 22367
844 7935
845 21683
846 28686
847 518
848 5044
849 27868
850 18427
851 3911
852 18974
853 22359
854 26272
855 856
856 16173
857 16546
858 7314
859 10825
860 5442
861 28144
862 21832
863 20617
864 31388
865 22990
866 20778
867 25773
868 21522
869 1030
870 17899
871 26221
872 8
873 30916
874 22809
875 18159
876 17820
877 21239
878 10482
879 7753
880 17440
881 15866
882 22394
883 23105
884 30413
885 14964
886 19402
887 19030
888 8373
889 10877
890 7595
891 11525
892 13562
893 26882
894 24419
895 8773
896 3902
897 28778
898 14799
899 10068
900 4186
901 21625
902 3762
903 32693
904 29523
905 4981
906 5453
907 12154
908 28298
909 648
910 9520
911 27327
912 30002
913 22886
914 9039
915 7799
916 11527
917 8495
918 17752
919 30315
920 27709
921 2711
922 8004
923 1151
924 21431
925 28484
926 12077
927 27959
928 22906
929 632
930 23391
931 15739
932 22369
933 29935
934 5809
935 19863
936 29202
937 4107
938 7958
939 21894
940 27696
941 3118
942 2671
943 5744
944 14803
945 9831
946 5539
947 15729
948 26677
949 14674
950 27122
951 25500
952 11694
953 23865
954 19590
955 20288
956 13794
957 21375
958 27723
959 23145
960 32313
961 16703
962 16897
963 8874
964 22159
965 32048
966 13968
967 26138
968 23085
969 29900
970 923
971 12701
972 29944
973 27825
974 599
975 17509
976 18665
977 8263
978 23710
979 19640
980 1981
981 1187
982 21567
983 25075
984 5358
985 12971
986 5273
987 24527
988 993
989 15483
990 17000
991 1763
992 18017
993 29192
994 15838
995 1642
996 8012
997 22787
998 19190
999 21319
1000 11660
1001 23553
1002 5125
1003 28742
1004 9033
1005 29912
1006 14993
1007 2981
1008 32093
1009 22092
1010 27239
1011 5587
1012 20233
1013 22763
1014 8936
1015 13687
1016 30182
1017 12085
1018 10916
1019 15540
1020 18974
1021 9472
1022 24874
1023 939
1024 7899
1025 28187
1026 25373
1027 19522
1028 9984
1029 18482
1030 13451
1031 4900
1032 4632
1033 29681
1034 25979
1035 29194
1036 30091
1037 18796
1038 25797
1039 30520
1040 22040
1041 27583
1042 29991
1043 5706
1044 25983
1045 24561
1046 30868
1047 5680
1048 18558
1049 2847
1050 1487
1051 8312
1052 30975
1053 23510
1054 31801
1055 21963
1056 6288
1057 8896
1058 2536
1059 3003
1060 18195
1061 24195
1062 22520
1063 6076
1064 20919
1065 32486
1066 20774
1067 19311
1068 20007
1069 25398
1070 13978
1071 1575
1072 30209
1073 6120
1074 30469
1075 32678
1076 22153
1077 6015
1078 31724
1079 12327
1080 10399
1081 4784
1082 24900
1083 31138
1084 25838
1085 964
1086 19262
1087 30283
1088 26727
1089 4415
1090 20068
1091 4187
1092 15598
1093 959
1094 7653
1095 18196
1096 23122
1097 21286
1098 29741
1099 17663
1100 29571
1101 3835
1102 27065
1103 11129
1104 9215
1105 9742
1106 11818
1107 14189
1108 4494
1109 20827
1110 22424
1111 9059
1112 22063
1113 9777
1114 15400
1115 27322
1116 18002
1117 5012
1118 2529
1119 21041
1120 26439
1121 20191
1122 4283
1123 22957
1124 10743
1125 29614
1126 29433
1127 31542
1128 15826
1129 23290
1130 12217
1131 23362
1132 4104
1133 28038
1134 15306
1135 20022
1136 19196
1137 30074
1138 7357
1139 22314
1140 27126
1141 13134
1142 14911
1143 1004
1144 13591
1145 14826
1146 22950
1147 19016
1148 14739
1149 22028
1150 30665
1151 19079
1152 4634
1153 1257
1154 29973
1155 6966
1156 5015
1157 15895
1158 18397
1159 553
1160 12829
1161 5290
1162 10482
1163 16063
1164 12830
1165 29598
1166 28276
1167 18790
1168 31199
1169 31093
1170 2279
1171 11362
1172 5928
1173 14112
1174 22153
1175 22987
1176 19776
1177 22051
1178 16611
1179 8917
1180 16153
1181 27125
1182 22687
1183 13397
1184 2503
1185 28837
1186 25497
1187 15488
1188 25398
1189 18115
1190 4409
1191 7669
1192 4381
1193 4734
1194 18687
1195 21502
1196 19502
1197 27146
1198 18271
1199 27666
1200 25488
1201 14661
1202 31952
1203 14495
1204 13454
1205 10905
1206 25376
1207 8455
1208 19089
1209 5924
1210 15626
1211 13032
1212 15179
1213 16918
1214 29706
1215 22689
1216 4918
1217 25435
1218 2160
1219 22802
1220 26173
1221 17787
1222 18356
1223 1187
1224 22712
1225 31422
1226 15625
1227 13191
1228 13470
1229 28051
1230 4148
1231 31042
1232 24310
1233 20530
1234 18079
1235 12648
1236 16783
1237 12161
1238 6825
1239 18856
1240 31985
1241 11572
1242 23873
1243 27914
1244 30355
1245 9529
1246 5555
1247 29813
1248 5967
1249 16979
1250 21441
1251 16500
1252 19986
1253 17925
1254 26614
1255 24633
1256 10968
1257 1969
1258 30263
1259 10723
1260 9688
1261 28417
1262 5787
1263 10236
1264 26363
1265 28038
1266 30845
1267 70
1268 8595
1269 15263
1270 15311
1271 14263
1272 22602
1273 23709
1274 29872
1275 30658
1276 7512
1277 11812
1278 3393
1279 14552
1280 8954
1281 1748
1282 31157
1283 30255
1284 12319
1285 10281
1286 29352
1287 20162
1288 19812
1289 1952
1290 10674
1291 14233
1292 15938
1293 13084
1294 11323
1295 9034
1296 6790
1297 21639
1298 26769
1299 17088
1300 7170
1301 6332
1302 2359
1303 17211
1304 29827
1305 32165
1306 6785
1307 11672
1308 16387
1309 19360
1310 11869
1311 19155
1312 26399
1313 15912
1314 29300
1315 12746
1316 1483
1317 8113
1318 27762
1319 25155
1320 10820
1321 23763
1322 20641
1323 4401
1324 70
1325 21163
1326 9917
1327 2611
1328 15488
1329 23679
1330 12548
1331 19038
1332 23621
1333 25760
1334 18828
1335 14396
1336 3460
1337 31893
1338 10713
1339 7444
1340 21242
1341 16501
1342 20655
1343 17260
1344 14502
1345 2453
1346 31269
1347 24269
1348 11389
1349 13411
1350 24059
1351 8390
1352 20320
1353 32146
1354 10285
1355 7987
1356 21067
1357 14968
1358 24520
1359 28608
1360 13263
1361 28852
1362 12285
1363 7336
1364 29122
1365 4371
1366 18292
1367 22211
1368 821
1369 22965
1370 16867
1371 2239
1372 11942
1373 9067
1374 20446
1375 12205
1376 4215
1377 7780
1378 4337
1379 7360
1380 26015
1381 16905
1382 21484
1383 1106
1384 28320
1385 29733
1386 12670
1387 32296
1388 32441
1389 11081
1390 13573
1391 23287
1392 2908
1393 4207
1394 1957
1395 29479
1396 20450
1397 25565
1398 20887
1399 21206
1400 22910
1401 10572
1402 17860
1403 26400
1404 3951
1405 24394
1406 2963
1407 4254
1408 2938
1409 17885
1410 31487
1411 16172
1412 22168
1413 30825
1414 24300
1415 31472
1416 24044
1417 24275
1418 12731
1419 32408
1420 13303
1421 14823
1422 2076
1423 18146
1424 29199
1425 20215
1426 7715
1427 15202
1428 19981
1429 30405
1430 15007
1431 21632
1432 14407
1433 5028
1434 23719
1435 25280
1436 5566
1437 13017
1438 26485
1439 23366
1440 27288
1441 23879
1442 16504
1443 19865
1444 2256
1445 23372
1446 5028
1447 26279
1448 5932
1449 28646
1450 12813
1451 9481
1452 1135
1453 20250
1454 16052
1455 8841
1456 15056
1457 21398
1458 7584
1459 5857
1460 10156
1461 14229
1462 22833
1463 30662
1464 27512
1465 21763
1466 29106
1467 23077
1468 17913
1469 12513
1470 19245
1471 30893
1472 4791
1473 21996
1474 11651
1475 909
1476 27055
1477 17017
1478 2747
1479 7551
1480 14408
1481 28068
1482 32667
1483 10757
1484 26248
1485 10153
1486 17013
1487 20722
1488 23688
1489 22930
1490 29764
1491 23341
1492 31781
1493 26643
1494 2040
1495 19634
1496 25337
1497 15794
1498 13325
1499 24537
1500 2186
1501 16426
1502 8802
1503 17883
1504 3264
1505 13586
1506 21065
1507 20626
1508 19101
1509 22970
1510 24794
1511 27008
1512 808
1513 12886
1514 11150
1515 31251
1516 13482
1517 21598
1518 265
1519 10535
1520 29213
1521 12340
1522 21558
1523 4557
1524 20194
1525 7688
1526 9625
1527 22347
1528 12978
1529 12793
1530 5857
1531 14948
1532 10711
1533 7036
1534 23741
1535 5081
1536 1436
1537 5122
1538 753
1539 22575
1540 24834
1541 8405
1542 13993
1543 2227
1544 23988
1545 11331
1546 2829
1547 13756
1548 11581
1549 14847
1550 27669
1551 30256
1552 14969
1553 15044
1554 13215
1555 30793
1556 1865
1557 17211
1558 5311
1559 3993
1560 4747
1561 10783
1562 20822
1563 25676
1564 23114
1565 20895
1566 28134
1567 10158
1568 20017
1569 8196
1570 22436
1571 29165
1572 17990
1573 27539
1574 12495
1575 11551
1576 20949
1577 23989
1578 14145
1579 12678
1580 29353
1581 4437
1582 31044
1583 30483
1584 6274
1585 28810
1586 19622
1587 42
1588 28868
1589 5494
1590 15376
1591 24997
1592 24173
1593 12910
1594 24211
1595 3099
1596 11849
1597 17754
1598 19844
1599 14946
1600 23401
1601 6751
1602 11402
1603 10578
1604 30673
1605 25020
1606 30709
1607 31948
1608 3441
1609 23794
1610 3409
1611 30203
1612 2903
1613 26408
1614 8763
1615 24282
1616 4898
1617 23757
1618 7540
1619 20215
1620 15034
1621 9855
1622 1588
1623 11638
1624 5694
1625 27436
1626 32193
1627 5208
1628 7742
1629 11639
1630 30527
1631 30974
1632 17963
1633 22621
1634 8650
1635 15848
1636 22283
1637 32536
1638 14530
1639 4547
1640 25201
1641 21571
1642 11878
1643 16291
1644 25005
1645 7232
1646 25765
1647 21645
1648 21824
1649 7895
1650 26672
1651 15928
1652 30867
1653 23583
1654 25044
1655 18196
1656 24040
1657 2210
1658 12807
1659 5004
1660 1680
1661 5308
1662 27329
1663 1160
1664 19294
1665 17220
1666 7053
1667 9015
1668 10589
1669 4974
1670 9183
1671 31243
1672 18110
1673 496
1674 32680
1675 32517
1676 17428
1677 25956
1678 16936
1679 29490
1680 11716
1681 27118
1682 13059
1683 23414
1684 8630
1685 28702
1686 16792
1687 30344
1688 32081
1689 21272
1690 17038
1691 21566
1692 10151
1693 23026
1694 11183
1695 29195
1696 19436
1697 22621
1698 16890
1699 198
1700 6189
1701 17032
1702 28147
1703 14252
1704 21566
1705 14401
1706 10814
1707 22697
1708 25845
1709 19294
1710 16492
1711 18899
1712 3989
1713 1371
1714 18453
1715 26679
1716 4493
1717 28740
1718 7207
1719 30681
1720 24675
1721 9941
1722 14973
1723 21750
1724 9707
1725 12257
1726 16820
1727 19084
1728 19644
1729 10480
1730 314
1731 12829
1732 12516
1733 1068
1734 20391
1735 16559
1736 18651
1737 23934
1738 6993
1739 9495
1740 23222
1741 10996
1742 26906
1743 23415
1744 4509
1745 19558
1746 13709
1747 23046
1748 1919
1749 15961
1750 27690
1751 31503
1752 5892
1753 29731
1754 26877
1755 18493
1756 2500
1757 7504
1758 14454
1759 2837
1760 30390
1761 23109
1762 2420
1763 18116
1764 25835
1765 9251
1766 1443
1767 32539
1768 1660
1769 27630
1770 1032
1771 28888
1772 8129
1773 13551
1774 18906
1775 7975
1776 28355
1777 11862
1778 19860
1779 23144
1780 9972
1781 4132
1782 12360
1783 9267
1784 21790
1785 16200
1786 24886
1787 5273
1788 16282
1789 32008
1790 8093
1791 9389
1792 5826
1793 9635
1794 20177
1795 580
1796 2472
1797 16949
1798 20622
1799 20728
1800 4873
1801 29146
1802 22924
1803 31859
1804 4732
1805 28182
1806 29779
1807 32746
1808 1519
1809 11893
1810 9809
1811 18151
1812 30548
1813 28526
1814 27434
1815 2892
1816 29336
1817 8333
1818 31311
1819 21653
1820 6101
1821 32210
1822 2770
1823 31837
1824 7624
1825 22612
1826 2425
1827 23587
1828 22661
1829 21033
1830 29969
1831 2127
1832 6249
1833 4490
1834 21764
1835 15472
1836 30033
1837 12083
1838 32302
1839 23752
1840 23049
1841 25609
1842 6637
1843 12554
1844 25608
1845 14847
1846 9079
1847 15458
1848 27482
1849 17466
1850 20337
1851 22198
1852 18141
1853 8820
1854 4541
1855 27436
1856 8368
1857 21406
1858 13715
1859 32748
1860 28393
1861 7113
1862 15315
1863 27431
1864 25734
1865 326
1866 29593
1867 22872
1868 28327
1869 9484
1870 274
1871 2249
1872 4602
1873 31323
1874 18063
1875 24153
1876 15478
1877 8607
1878 25560
1879 14206
1880 24396
1881 27287
1882 16323
1883 7558
1884 25882
1885 16822
1886 20485
1887 15906
1888 22626
1889 3274
1890 4935
1891 19748
1892 20028
1893 15067
1894 29053
1895 13192
1896 26951
1897 2902
1898 30323
1899 12209
1900 2277
1901 20587
1902 6824
1903 19190
1904 30888
1905 12467
1906 3680
1907 18525
1908 13319
1909 11286
1910 15093
1911 28838
1912 4694
1913 26604
1914 28270
1915 24460
1916 28405
1917 1634
1918 25938
1919 13895
1920 8647
1921 3359
1922 9919
1923 22357
1924 23525
1925 7976
1926 26294
1927 3962
1928 15508
1929 3585
1930 25273
1931 20486
1932 12917
1933 1558
1934 27800
1935 24150
1936 31996
1937 23129
1938 6024
1939 7325
1940 25123
1941 13099
1942 15221
1943 20453
1944 27744
1945 9344
1946 17049
1947 1872
1948 17620
1949 28478
1950 30030
1951 2212
1952 32197
1953 29159
1954 14368
1955 26118
1956 24910
1957 3192
1958 28711
1959 8454
1960 6229
1961 31633
1962 404
1963 32476
1964 15806
1965 28373
1966 7305
1967 29169
1968 12766
1969 24212
1970 19502
1971 15522
1972 16947
1973 25768
1974 31745
1975 12608
1976 31058
1977 7324
1978 26477
1979 13147
1980 11040
1981 20244
1982 10143
1983 24128
1984 4421
1985 27752
1986 21397
1987 29888
1988 3038
1989 6803
1990 26231
1991 32307
1992 23154
1993 23116
1994 24619
1995 13501
1996 24872
1997 1906
1998 21540
1999 10448
2000 20023
2001 14509
2002 23162
2003 15858
2004 13213
2005 16979
2006 5952
2007 25793
2008 26900
2009 24712
2010 19474
2011 13876
2012 19010
2013 19626
2014 10221
2015 21539
2016 9520
2017 16876
2018 18755
2019 13066
2020 27901
2021 13632
2022 9807
2023 12554
2024 1236
2025 17531
2026 20391
2027 7728
2028 14107
2029 8371
2030 16656
2031 6650
2032 11501
2033 30700
2034 13461
2035 27159
2036 31179
2037 8692
2038 11227
2039 11887
2040 3982
2041 5260
2042 9135
2043 5731
2044 11936
2045 25288
2046 9697
2047 31574
2048 9836
2049 19385
2050 11605
2051 1132
2052 31251
2053 7241
2054 4183
2055 14225
2056 15713
2057 26725
2058 25903
2059 7102
2060 15871
2061 24418
2062 5365
2063 20599
2064 19690
2065 16281
2066 4263
2067 16025
2068 15395
2069 11605
2070 23673
2071 18002
2072 25769
2073 28912
2074 25964
2075 3697
2076 18596
2077 24632
2078 21794
2079 22752
2080 9699
2081 30487
2082 22513
2083 110
2084 3208
2085 25460
2086 2358
2087 978
2088 19970
2089 2132
2090 31212
2091 16877
2092 22588
2093 15429
2094 1405
2095 19280
2096 20756
2097 18172
2098 26839
2099 27902
2100 1551
2101 25149
2102 20419
2103 22643
2104 1099
2105 16891
2106 19570
2107 3301
2108 27829
2109 26561
2110 27993
2111 26057
2112 22651
2113 17744
2114 25920
2115 29337
2116 25029
2117 29322
2118 31125
2119 31701
2120 9376
2121 31374
2122 11013
2123 22856
2124 19514
2125 1061
2126 19534
2127 32140
2128 85
2129 22877
2130 31566
2131 23248
2132 18166
2133 4723
2134 12384
2135 1241
2136 11869
2137 26614
2138 22505
2139 13383
2140 21306
2141 28714
2142 10798
2143 3866
2144 5918
2145 19371
2146 13673
2147 23156
2148 6960
2149 1362
2150 19995
2151 31136
2152 21281
2153 10588
2154 22947
2155 24148
2156 17506
2157 22473
2158 10000
2159 20019
2160 17812
2161 22019
2162 18996
2163 8598
2164 21056
2165 25536
2166 11513
2167 24460
2168 18120
2169 22313
2170 19193
2171 23328
2172 6301
2173 17468
2174 19272
2175 13786
2176 24243
2177 13167
2178 27796
2179 27528
2180 15922
2181 11158
2182 30577
2183 19261
2184 3951
2185 4870
2186 10990
2187 411
2188 20250
2189 11259
2190 22380
2191 6222
2192 12217
2193 12343
2194 7088
2195 3801
2196 24404
2197 20460
2198 30774
2199 28821
2200 21874
2201 6108
2202 11464
2203 3062
2204 15685
2205 703
2206 5200
2207 12049
2208 20514
2209 14821
2210 29419
2211 3419
2212 13364
2213 18716
2214 27198
2215 12980
2216 13168
2217 18900
2218 2061
2219 10148
2220 24267
2221 18817
2222 8969
2223 10980
2224 29099
2225 28481
2226 31210
2227 9248
2228 2460
2229 9407
2230 18622
2231 13307
2232 1605
2233 18007
2234 18561
2235 1364
2236 9626
2237 7803
2238 19693
2239 17351
2240 12371
2241 12373
2242 29843
2243 23415
2244 19100
2245 5549
2246 7979
2247 26123
2248 15630
2249 29710
2250 7721
2251 26871
2252 18910
2253 19748
2254 21393
2255 18685
2256 25172
2257 11881
2258 13067
2259 5875
2260 20607
2261 1025
2262 22842
2263 6598
2264 10536
2265 4833
2266 11594
2267 14783
2268 6660
2269 24119
2270 16584
2271 12549
2272 26669
2273 31750
2274 25015
2275 9572
2276 13011
2277 7441
2278 4832
2279 3916
2280 20015
2281 19451
2282 24169
2283 4637
2284 19129
2285 10156
2286 13993
2287 10657
2288 31899
2289 7415
2290 22843
2291 20698
2292 5989
2293 25465
2294 26705
2295 1535
2296 12802
2297 16836
2298 11851
2299 20417
2300 18155
2301 23741
2302 16265
2303 10194
2304 1178
2305 5698
2306 28285
2307 28328
2308 578
2309 16144
2310 17924
2311 19583
2312 11453
2313 8164
2314 32246
2315 9117
2316 32710
2317 7649
2318 7675
2319 30681
2320 24424
2321 32306
2322 17057
2323 28510
2324 9654
2325 3312
2326 14508
2327 20653
2328 14525
2329 11078
2330 25262
2331 8673
2332 15543
2333 2259
2334 7383
2335 19767
2336 13954
2337 3151
2338 4877
2339 28365
2340 12880
2341 12146
2342 15679
2343 12202
2344 17055
2345 21009
2346 30199
2347 20991
2348 27500
2349 18571
2350 24367
2351 21164
2352 19875
2353 10595
2354 2406
2355 17414
2356 9947
2357 7726
2358 4339
2359 17880
2360 31040
2361 15280
2362 9624
2363 16040
2364 28624
2365 9538
2366 12378
2367 14907
2368 21195
2369 32630
2370 2960
2371 4443
2372 8292
2373 30206
2374 315
2375 16087
2376 7613
2377 22730
2378 917
2379 1484
2380 29714
2381 5233
2382 21485
2383 19747
2384 11829
2385 2514
2386 2993
2387 21595
2388 10810
2389 2299
2390 15309
2391 9608
2392 21363
2393 29514
2394 5683
2395 26780
2396 14495
2397 18641
2398 21947
2399 31718
2400 21086
2401 9471
2402 22574
2403 30168
2404 3560
2405 28285
2406 7837
2407 29709
2408 28671
2409 15959
2410 10232
2411 23435
2412 25634
2413 16988
2414 23004
2415 28229
2416 3076
2417 7879
2418 27563
2419 23012
2420 9020
2421 4895
2422 2018
2423 9158
2424 19262
2425 26203
2426 6055
2427 5703
2428 21386
2429 24138
2430 27810
2431 4928
2432 21027
2433 17970
2434 15630
2435 28622
2436 8259
2437 18616
2438 9744
2439 15701
2440 3917
2441 8447
2442 10311
2443 9156
2444 27139
2445 26388
2446 21156
2447 12570
2448 5625
2449 31626
2450 3964
2451 16937
2452 26953
2453 22113
2454 18395
2455 26777
2456 2185
2457 15661
2458 20764
2459 29233
2460 24826
2461 9331
2462 22710
2463 30034
2464 4866
2465 16471
2466 16985
2467 1732
2468 24797
2469 2164
2470 11322
2471 31926
2472 30095
2473 13068
2474 3499
2475 25343
2476 6173
2477 27489
2478 9198
2479 1194
2480 7932
2481 18274
2482 8523
2483 11954
2484 14282
2485 16522
2486 21088
2487 4106
2488 22332
2489 13318
2490 11705
2491 23264
2492 25944
2493 11798
2494 416
2495 2851
2496 31204
2497 1205
2498 13366
2499 30275
2500 15646
2501 1404
2502 18883
2503 2104
2504 16557
2505 15044
2506 9547
2507 20933
2508 25816
2509 3083
2510 14178
2511 19454
2512 7670
2513 15769
2514 3904
2515 29960
2516 11813
2517 4962
2518 536
2519 10784
2520 10047
2521 6959
2522 23718
2523 25310
2524 18698
2525 25081
2526 21256
2527 12731
2528 4015
2529 6293
2530 8910
2531 11730
2532 1646
2533 27543
2534 6996
2535 10723
2536 12943
2537 4720
2538 80
2539 23709
2540 10908
2541 23001
2542 31399
2543 24093
2544 11725
2545 11637
2546 2949
2547 7858
2548 20420
2549 25777
2550 13740
2551 15075
2552 3194
2553 22256
2554 20748
2555 20659
2556 22650
2557 31461
2558 15508
2559 14883
2560 333
2561 5439
2562 25161
2563 20729
2564 29237
2565 14988
2566 16789
2567 8128
2568 12574
2569 10327
2570 29665
2571 9232
2572 10193
2573 14740
2574 24422
2575 1551
2576 3435
2577 31295
2578 3135
2579 26936
2580 1037
2581 7743
2582 20419
2583 14939
2584 16086
2585 24464
2586 16915
2587 7909
2588 17422
2589 1953
2590 12783
2591 26978
2592 8100
2593 10235
2594 2766
2595 14144
2596 6619
2597 17956
2598 24877
2599 7126
2600 17984
2601 32451
2602 6439
2603 31909
2604 32479
2605 25604
2606 23366
2607 733
2608 8118
2609 6974
2610 19353
2611 17955
2612 5738
2613 32212
2614 14086
2615 5265
2616 6713
2617 16729
2618 10978
2619 31742
2620 8240
2621 27383
2622 10943
2623 30848
2624 24478
2625 4625
2626 30853
2627 27696
2628 31432
2629 13863
2630 8901
2631 17453
2632 8158
2633 11258
2634 19785
2635 28388
2636 13870
2637 26097
2638 26608
2639 1934
2640 27544
2641 7100
2642 18361
2643 23289
2644 13890
2645 5431
2646 22045
2647 10636
2648 7821
2649 7313
2650 19106
2651 19078
2652 25927
2653 23469
2654 8877
2655 5254
2656 23074
2657 10440
2658 19351
2659 12112
2660 30308
2661 1629
2662 13060
2663 13006
2664 4065
2665 23109
2666 12656
2667 14165
2668 14374
2669 8227
2670 779
2671 15146
2672 7160
2673 6911
2674 17095
2675 325
2676 30461
2677 18993
2678 7087
2679 19796
2680 28600
2681 9601
2682 9338
2683 8451
2684 28603
2685 25740
2686 6496
2687 24187
2688 19479
2689 21866
2690 26668
2691 29736
2692 21016
2693 1677
2694 17043
2695 30144
2696 3119
2697 18412
2698 10948
2699 18049
2700 21296
2701 18273
2702 11840
2703 14522
2704 32701
2705 19536
2706 17132
2707 18060
2708 20482
2709 22154
2710 31332
2711 18418
2712 21924
2713 9329
2714 32659
2715 18943
2716 32755
2717 25692
2718 4737
2719 27495
2720 5735
2721 5437
2722 30315
2723 25153
2724 14154
2725 23169
2726 1561
2727 3851
2728 11954
2729 18231
2730 25196
2731 16623
2732 14770
2733 25717
2734 28471
2735 3908
2736 2513
2737 30455
2738 4687
2739 27736
2740 7355
2741 18442
2742 26854
2743 21869
2744 15415
2745 30120
2746 26388
2747 17409
2748 14937
2749 3557
2750 5559
2751 17491
2752 15865
2753 31114
2754 25213
2755 21794
2756 13156
2757 31231
2758 13887
2759 29880
2760 13648
2761 15982
2762 17809
2763 32551
2764 534
2765 21541
2766 20375
2767 16851
2768 20763
2769 30268
2770 16154
2771 26672
2772 7311
2773 120
2774 25050
2775 9677
2776 13147
2777 2416
2778 10790
2779 16786
2780 10068
2781 26606
2782 11947
2783 26182
2784 27573
2785 10136
2786 23690
2787 23635
2788 14284
2789 12496
2790 4013
2791 4302
2792 499
2793 10200
2794 1370
2795 3506
2796 9922
2797 18234
2798 23816
2799 18284
2800 4227
2801 14695
2802 7026
2803 25501
2804 29414
2805 13726
2806 25579
2807 23835
2808 28407
2809 25615
2810 23537
2811 10553
2812 13132
2813 19777
2814 27908
2815 16968
2816 27779
2817 22705
2818 22713
2819 15197
2820 6636
2821 7868
2822 21258
2823 16725
2824 6786
2825 4542
2826 5872
2827 11543
2828 1568
2829 17020
2830 10548
2831 2841
2832 9969
2833 17343
2834 15745
2835 15398
2836 10025
2837 28994
2838 29119
2839 4958
2840 18162
2841 7630
2842 21404
2843 5502
2844 11945
2845 27812
2846 25707
2847 15713
2848 12619
2849 23067
2850 3890
2851 27079
2852 4906
2853 14218
2854 17662
2855 22614
2856 10469
2857 7784
2858 13178
2859 20958
2860 25238
2861 7858
2862 18880
2863 27617
2864 5965
2865 11405
2866 32623
2867 851
2868 9406
2869 4397
2870 4606
2871 21662
2872 14134
2873 25333
2874 11344
2875 21737
2876 19924
2877 18656
2878 11400
2879 12442
2880 20213
2881 3359
2882 31774
2883 4889
2884 16624
2885 17156
2886 11827
2887 7127
2888 31492
2889 1054
2890 22561
2891 9360
2892 25230
2893 2214
2894 22615
2895 15565
2896 2175
2897 7961
2898 32612
2899 32428
2900 15118
2901 18215
2902 20305
2903 8419
2904 24490
2905 29644
2906 17716
2907 27139
2908 10547
2909 14525
2910 24834
2911 26874
2912 32361
2913 26373
2914 24485
2915 5852
2916 9381
2917 23792
2918 23374
2919 17891
2920 711
2921 3368
2922 17933
2923 436
2924 4207
2925 286
2926 29343
2927 17635
2928 17776
2929 23211
2930 8071
2931 10170
2932 7553
2933 6392
2934 14432
2935 27702
2936 1078
2937 9371
2938 16753
2939 2899
2940 15663
2941 26370
2942 8578
2943 10121
2944 7312
2945 28949
2946 15854
2947 2199
2948 9136
2949 29975
2950 7418
2951 1151
2952 22038
2953 6093
2954 613
2955 31186
2956 23201
2957 23779
2958 14912
2959 16173
2960 15622
2961 12939
2962 1536
2963 11268
2964 25472
2965 24679
2966 24530
2967 7838
2968 3266
2969 23977
2970 2094
2971 9057
2972 27185
2973 21113
2974 4527
2975 8528
2976 10832
2977 18583
2978 24354
2979 12242
2980 1915
2981 20289
2982 18397
2983 31157
2984 11993
2985 5719
2986 22098
2987 20850
2988 5004
2989 17597
2990 21731
2991 23219
2992 554
2993 3585
2994 7416
2995 27922
2996 2161
2997 19261
2998 23631
2999 5156
3000 1334
3001 6975
3002 17556
3003 20662
3004 29855
3005 19944
3006 22834
3007 32598
3008 19602
3009 7890
3010 20328
3011 2070
3012 32109
3013 821
3014 13471
3015 15244
3016 27384
3017 3852
3018 20219
3019 285
3020 29080
3021 13683
3022 27696
3023 14972
3024 19397
3025 26708
3026 4759
3027 109
3028 27581
3029 23362
3030 18561
3031 7375
3032 7546
3033 28069
3034 26059
3035 26073
3036 1250
3037 24
3038 9138
3039 24228
3040 19519
3041 14607
3042 24297
3043 16617
3044 5870
3045 31933
3046 16361
3047 21517
3048 3163
3049 7221
3050 15753
3051 13658
3052 3885
3053 32719
3054 11726
3055 30096
3056 29885
3057 20685
3058 22788
3059 12188
3060 20685
3061 26174
3062 17165
3063 31911
3064 10615
3065 31011
3066 7930
3067 26962
3068 10083
3069 25553
3070 8408
3071 20544
3072 5693
3073 28822
3074 8652
3075 15830
3076 18790
3077 31647
3078 19043
3079 16702
3080 14570
3081 27673
3082 14115
3083 20146
3084 27315
3085 18583
3086 19302
3087 5879
3088 31740
3089 27316
3090 9832
3091 30759
3092 24328
3093 5625
3094 28318
3095 27572
3096 8467
3097 30209
3098 26441
3099 5546
3100 19593
3101 18394
3102 1100
3103 22836
3104 15222
3105 12975
3106 28730
3107 5730
3108 28221
3109 5028
3110 14516
3111 29993
3112 14990
3113 16642
3114 5362
3115 25004
3116 26258
3117 2196
3118 31391
3119 7609
3120 1128
3121 27985
3122 29930
3123 2967
3124 8661
3125 26682
3126 29146
3127 5631
3128 8247
3129 12422
3130 31201
3131 22888
3132 18619
3133 20221
3134 1461
3135 29320
3136 28880
3137 162
3138 26203
3139 5655
3140 17116
3141 11412
3142 29572
3143 21974
3144 32557
3145 28982
3146 29725
3147 14032
3148 18738
3149 3214
3150 29986
3151 31967
3152 21739
3153 9195
3154 691
3155 20339
3156 2206
3157 11979
3158 30569
3159 7055
3160 26316
3161 2299
3162 21994
3163 22292
3164 21603
3165 28672
3166 24763
3167 2370
3168 3893
3169 28598
3170 25686
3171 15484
3172 26793
3173 567
3174 26493
3175 15691
3176 6320
3177 26366
3178 13773
3179 19110
3180 15611
3181 30029
3182 30870
3183 7025
3184 22636
3185 28107
3186 20970
3187 23875
3188 26314
3189 3954
3190 11764
3191 4204
3192 22712
3193 29608
3194 16011
3195 25911
3196 3048
3197 30124
3198 21767
3199 32364
3200 5004
3201 10548
3202 3668
3203 15641
3204 25869
3205 9301
3206 1349
3207 31122
3208 15616
3209 8354
3210 32554
3211 19895
3212 20566
3213 14232
3214 18084
3215 21621
3216 7634
3217 15930
3218 10424
3219 656
3220 29633
3221 1016
3222 18467
3223 31903
3224 32229
3225 30933
3226 15085
3227 3672
3228 28594
3229 32457
3230 9793
3231 9997
3232 7869
3233 27236
3234 19580
3235 32631
3236 8561
3237 30389
3238 16772
3239 19635
3240 17923
3241 12394
3242 14683
3243 9354
3244 30121
3245 7224
3246 9460
3247 30453
3248 22535
3249 7294
3250 4421
3251 16608
3252 19178
3253 23077
3254 31901
3255 23599
3256 569
3257 13514
3258 5688
3259 4351
3260 25641
3261 32287
3262 7185
3263 19502
3264 30127
3265 1166
3266 19191
3267 7965
3268 27451
3269 12576
3270 5347
3271 27828
3272 12707
3273 15518
3274 4489
3275 26535
3276 861
3277 16374
3278 23853
3279 17912
3280 24050
3281 9183
3282 22968
3283 19902
3284 27567
3285 13248
3286 1547
3287 7972
3288 13726
3289 22478
3290 24467
3291 24500
3292 12725
3293 14965
3294 541
3295 10966
3296 332
3297 23802
3298 31212
3299 27539
3300 29653
3301 24414
3302 31753
3303 927
3304 8647
3305 32645
3306 30939
3307 25495
3308 13275
3309 5016
3310 15607
3311 30855
3312 10875
3313 935
3314 5177
3315 4783
3316 14711
3317 1683
3318 8980
3319 10631
3320 3067
3321 9771
3322 27174
3323 8448
3324 1214
3325 20117
3326 10256
3327 29709
3328 20091
3329 27888
3330 3460
3331 26722
3332 20645
3333 24887
3334 30624
3335 12155
3336 23639
3337 18280
3338 9338
3339 6369
3340 9610
3341 23526
3342 5628
3343 14761
3344 23690
3345 32540
3346 5874
3347 11581
3348 31659
3349 7268
3350 5729
3351 21343
3352 7479
3353 30759
3354 19738
3355 12138
3356 28076
3357 10565
3358 24976
3359 19675
3360 3620
3361 16823
3362 32231
3363 19729
3364 31509
3365 27251
3366 3149
3367 593
3368 19258
3369 30351
3370 3469
3371 15373
3372 23249
3373 12714
3374 15841
3375 10342
3376 14087
3377 28040
3378 31752
3379 28399
3380 23985
3381 4860
3382 9881
3383 26804
3384 9532
3385 14859
3386 25495
3387 6523
3388 24807
3389 3406
3390 1605
3391 20041
3392 5423
3393 31896
3394 1852
3395 1320
3396 20619
3397 729
3398 17082
3399 552
3400 31834
3401 834
3402 28989
3403 13732
3404 14874
3405 426
3406 3665
3407 22470
3408 8410
3409 14897
3410 8614
3411 23885
3412 28402
3413 23587
3414 7781
3415 10638
3416 1009
3417 27679
3418 19652
3419 8633
3420 14039
3421 4472
3422 29145
3423 1374
3424 23685
3425 21211
3426 10667
3427 12336
3428 4721
3429 1586
3430 10127
3431 10504
3432 8606
3433 30665
3434 20658
3435 8749
3436 3532
3437 3247
3438 25842
3439 20178
3440 9452
3441 25696
3442 10738
3443 12768
3444 8918
3445 15776
3446 19565
3447 18934
3448 15678
3449 8874
3450 27594
3451 16046
3452 11236
3453 8330
3454 1009
3455 29475
3456 268
3457 3528
3458 10590
3459 8624
3460 26158
3461 9286
3462 19315
3463 25850
3464 4334
3465 29291
3466 28947
3467 21040
3468 1102
3469 26497
3470 9068
3471 2193
3472 29219
3473 32604
3474 31508
3475 23087
3476 20678
3477 20797
3478 856
3479 29171
3480 30987
3481 1526
3482 26577
3483 6882
3484 24695
3485 31054
3486 8248
3487 3230
3488 17325
3489 2726
3490 3706
3491 24880
3492 21802
3493 24797
3494 17167
3495 6148
3496 17458
3497 9586
3498 23432
3499 18997
3500 12298
3501 31464
3502 12136
3503 29708
3504 23400
3505 12911
3506 16181
3507 30659
3508 13352
3509 1216
3510 6607
3511 15758
3512 832
3513 21065
3514 11264
3515 5340
3516 22774
3517 11914
3518 11859
3519 15065
3520 2385
3521 15039
3522 9514
3523 10808
3524 19661
3525 5055
3526 9995
3527 6193
3528 22866
3529 22308
3530 23867
3531 17093
3532 1895
3533 940
3534 29326
3535 29769
3536 22436
3537 14559
3538 25725
3539 24610
3540 27749
3541 6642
3542 27257
3543 15566
3544 19398
3545 22508
3546 26495
3547 16164
3548 32203
3549 9991
3550 6637
3551 23260
3552 23262
3553 9049
3554 32148
3555 27729
3556 7807
3557 26803
3558 5134
3559 12166
3560 4663
3561 25034
3562 1873
3563 10343
3564 25805
3565 4756
3566 23173
3567 24658
3568 445
3569 25077
3570 7443
3571 7382
3572 31974
3573 9883
3574 21503
3575 29627
3576 26243
3577 31527
3578 3447
3579 24642
3580 7004
3581 7565
3582 21164
3583 15789
3584 25918
3585 23997
3586 27616
3587 19202
3588 32680
3589 24451
3590 10944
3591 7181
3592 21703
3593 13227
3594 12021
3595 7076
3596 1700
3597 3178
3598 22774
3599 815
3600 6301
3601 4345
3602 24352
3603 27495
3604 19730
3605 5251
3606 14600
3607 23133
3608 2912
3609 13377
3610 21776
3611 29374
3612 25107
3613 8420
3614 19512
3615 10326
3616 31063
3617 5939
3618 2103
3619 7636
3620 2480
3621 19445
3622 4043
3623 4045
3624 10987
3625 20241
3626 27981
3627 28931
3628 3925
3629 10740
3630 25480
3631 7142
3632 32554
3633 15667
3634 25803
3635 15707
3636 10320
3637 8561
3638 61
3639 23741
3640 5701
3641 3972
3642 14705
3643 9505
3644 26199
3645 5075
3646 32314
3647 21471
3648 3091
3649 4354
3650 11969
3651 28750
3652 14847
3653 21970
3654 27604
3655 12494
3656 17036
3657 19010
3658 8065
3659 12556
3660 1350
3661 30715
3662 29668
3663 23937
3664 15438
3665 29162
3666 11325
3667 14396
3668 15882
3669 24367
3670 5189
3671 23266
3672 1819
3673 11574
3674 31171
3675 23027
3676 8335
3677 11555
3678 25690
3679 27982
3680 13912
3681 8308
3682 32677
3683 504
3684 29181
3685 30945
3686 27526
3687 6425
3688 28048
3689 20359
3690 26298
3691 6215
3692 21216
3693 22342
3694 1969
3695 28423
3696 31471
3697 20072
3698 30621
3699 13713
3700 8615
3701 13187
3702 25546
3703 10452
3704 456
3705 16800
3706 6445
3707 10170
3708 27941
3709 30620
3710 32319
3711 5549
3712 13584
3713 11983
3714 24332
3715 18010
3716 30483
3717 1260
3718 16262
3719 22197
3720 8673
3721 7464
3722 10272
3723 5949
3724 18059
3725 31903
3726 8344
3727 27521
3728 2551
3729 1523
3730 19732
3731 17123
3732 19087
3733 22582
3734 24945
3735 3740
3736 20022
3737 5386
3738 24280
3739 22784
3740 3200
3741 20998
3742 20370
3743 25091
3744 26914
3745 14684
3746 29981
3747 25853
3748 29351
3749 7609
3750 7295
3751 27562
3752 31077
3753 1389
3754 3290
3755 21109
3756 4784
3757 28876
3758 17473
3759 25078
3760 23629
3761 24532
3762 30410
3763 8633
3764 5161
3765 23312
3766 996
3767 18497
3768 22603
3769 955
3770 21995
3771 27724
3772 8968
3773 28457
3774 24570
3775 23385
3776 22390
3777 20835
3778 11777
3779 14696
3780 29219
3781 15122
3782 15127
3783 19969
3784 12806
3785 28318
3786 529
3787 8823
3788 19893
3789 4246
3790 31827
3791 21870
3792 2265
3793 14163
3794 742
3795 18331
3796 15839
3797 7640
3798 17867
3799 1483
3800 12273
3801 32253
3802 19855
3803 5159
3804 14629
3805 21965
3806 15136
3807 32438
3808 10484
3809 7212
3810 14815
3811 21283
3812 26349
3813 10429
3814 22518
3815 26561
3816 11690
3817 21250
3818 14572
3819 5068
3820 29188
3821 3269
3822 22135
3823 15602
3824 19075
3825 31671
3826 17297
3827 24081
3828 27416
3829 22104
3830 9677
3831 27459
3832 2319
3833 2070
3834 22764
3835 14104
3836 15167
3837 24761
3838 28843
3839 15650
3840 10884
3841 21246
3842 3296
3843 30135
3844 9839
3845 1666
3846 13253
3847 5874
3848 29243
3849 16610
3850 9876
3851 26363
3852 24067
3853 27169
3854 25684
3855 904
3856 51
3857 12362
3858 20210
3859 17060
3860 9021
3861 3670
3862 9875
3863 4272
3864 15245
3865 14927
3866 20265
3867 28583
3868 31166
3869 16054
3870 5188
3871 31654
3872 19726
3873 17187
3874 24364
3875 6315
3876 27151
3877 18475
3878 4908
3879 11676
3880 10656
3881 23174
3882 1072
3883 4236
3884 21532
3885 369
3886 15251
3887 2107
3888 11473
3889 27730
3890 32562
3891 1755
3892 20916
3893 9115
3894 20165
3895 538
3896 17234
3897 16624
3898 19311
3899 3164
3900 10506
3901 29324
3902 15763
3903 4936
3904 9594
3905 19937
3906 11498
3907 26503
3908 20279
3909 13694
3910 16082
3911 29128
3912 8641
3913 22070
3914 20201
3915 14600
3916 31414
3917 32639
3918 30171
3919 7696
3920 30533
3921 23320
3922 29304
3923 28735
3924 17894
3925 18415
3926 10506
3927 16265
3928 16456
3929 23617
3930 11493
3931 4032
3932 24971
3933 21251
3934 2111
3935 20754
3936 27824
3937 26753
3938 13890
3939 16852
3940 22350
3941 27205
3942 864
3943 7550
3944 19590
3945 32314
3946 18407
3947 15606
3948 23608
3949 25873
3950 12501
3951 3089
3952 10871
3953 15332
3954 2797
3955 30807
3956 13115
3957 281
3958 17418
3959 15622
3960 30294
3961 24714
3962 5812
3963 12378
3964 8106
3965 2786
3966 5105
3967 30220
3968 32664
3969 7242
3970 32605
3971 15128
3972 26556
3973 22086
3974 12669
3975 24260
3976 16343
3977 12505
3978 29777
3979 11486
3980 26380
3981 1776
3982 3624
3983 3397
3984 13648
3985 25086
3986 28344
3987 19627
3988 12572
3989 10467
3990 12910
3991 25240
3992 19812
3993 13842
3994 28675
3995 22706
3996 17357
3997 6387
3998 1104
3999 14141
4000 24347
4001 1670
4002 20579
4003 6878
4004 18920
4005 15690
4006 7634
4007 22436
4008 13724
4009 24669
4010 7503
4011 19784
4012 28057
4013 3556
4014 13181
4015 20660
4016 10934
4017 13485
4018 2051
4019 20163
4020 15087
4021 27923
4022 2782
4023 3144
4024 20827
4025 22818
4026 25595
4027 10065
4028 4702
4029 20476
4030 261
4031 15789
4032 12319
4033 22651
4034 13692
4035 23723
4036 11068
4037 14104
4038 8455
4039 7717
4040 3005
4041 4876
4042 20491
4043 5821
4044 9799
4045 30389
4046 19068
4047 31079
4048 16786
4049 12090
4050 1267
4051 5160
4052 12317
4053 20338
4054 26625
4055 2589
4056 12833
4057 23042
4058 25028
4059 28350
4060 13251
4061 22214
4062 13751
4063 9828
4064 15245
4065 22387
4066 32462
4067 12297
4068 7455
4069 12154
4070 6083
4071 15439
4072 17442
4073 25391
4074 23978
4075 13764
4076 11134
4077 4650
4078 204
4079 7781
4080 21709
4081 24813
4082 22450
4083 26209
4084 21519
4085 9672
4086 26752
4087 8223
4088 17311
4089 23802
4090 7301
4091 13697
4092 13414
4093 10265
4094 21007
4095 619
4096 28238
4097 23732
4098 16516
4099 30847
4100 5369
4101 26166
4102 25262
4103 12331
4104 1204
4105 32525
4106 23383
4107 2790
4108 31654
4109 1292
4110 2070
4111 19126
4112 25421
4113 27918
4114 13928
4115 17142
4116 20012
4117 6621
4118 12034
4119 1622
4120 32189
4121 6738
4122 2918
4123 13859
4124 1197
4125 4797
4126 2485
4127 22217
4128 22856
4129 21894
4130 21188
4131 19862
4132 27699
4133 28437
4134 26225
4135 27584
4136 5977
4137 10480
4138 8760
4139 10922
4140 31015
4141 18467
4142 5633
4143 32099
4144 4092
4145 2789
4146 6972
4147 23407
4148 10715
4149 10616
4150 25136
4151 26827
4152 31844
4153 24145
4154 27024
4155 24363
4156 30978
4157 14713
4158 5200
4159 7302
4160 12645
4161 17203
4162 20918
4163 31444
4164 24627
4165 12767
4166 2996
4167 21783
4168 27130
4169 14110
4170 20341
4171 23960
4172 27242
4173 10295
4174 25654
4175 10611
4176 8641
4177 1466
4178 17495
4179 5461
4180 22150
4181 9827
4182 11442
4183 26501
4184 32634
4185 2368
4186 13867
4187 21281
4188 18892
4189 4886
4190 11656
4191 16555
4192 20364
4193 15106
4194 7556
4195 32708
4196 4706
4197 27228
4198 16158
4199 17974
4200 3712
4201 5088
4202 17463
4203 8248
4204 31189
4205 17936
4206 12380
4207 13806
4208 899
4209 15572
4210 13281
4211 2608
4212 10132
4213 13924
4214 15663
4215 5772
4216 27368
4217 3943
4218 13406
4219 26766
4220 4978
4221 27229
4222 5383
4223 9278
4224 12453
4225 26170
4226 23123
4227 4075
4228 2088
4229 10323
4230 29016
4231 3367
4232 15057
4233 15742
4234 9638
4235 8979
4236 13777
4237 5749
4238 15388
4239 32221
4240 17452
4241 9084
4242 12289
4243 1926
4244 21613
4245 21316
4246 18000
4247 32233
4248 18071
4249 30990
4250 27474
4251 10745
4252 22110
4253 24083
4254 3698
4255 7242
4256 30103
4257 548
4258 28750
4259 4819
4260 10990
4261 20366
4262 5898
4263 27634
4264 18647
4265 17984
4266 23785
4267 19120
4268 4295
4269 25136
4270 19742
4271 20551
4272 5795
4273 16634
4274 17119
4275 3809
4276 30841
4277 19146
4278 32444
4279 6563
4280 15982
4281 25213
4282 9775
4283 21994
4284 30455
4285 24835
4286 24948
4287 29140
4288 25420
4289 24584
4290 2970
4291 9219
4292 18458
4293 6099
4294 10459
4295 6301
4296 13944
4297 21614
4298 5929
4299 12183
4300 24861
4301 17927
4302 11529
4303 28724
4304 20944
4305 12438
4306 15012
4307 21960
4308 4895
4309 16064
4310 8475
4311 22978
4312 8788
4313 31739
4314 29724
4315 24297
4316 15781
4317 14836
4318 22963
4319 25062
4320 25259
4321 25902
4322 7266
4323 4867
4324 4374
4325 3307
4326 9075
4327 15666
4328 9630
4329 8783
4330 17805
4331 7761
4332 24893
4333 12995
4334 10630
4335 5292
4336 28827
4337 8600
4338 10616
4339 17860
4340 1994
4341 9452
4342 27671
4343 8783
4344 26163
4345 2514
4346 10305
4347 27519
4348 22224
4349 941
4350 18135
4351 7559
4352 156
4353 2781
4354 22220
4355 25436
4356 6984
4357 3742
4358 1915
4359 30648
4360 23600
4361 32300
4362 7486
4363 5989
4364 12173
4365 27948
4366 5180
4367 26808
4368 4588
4369 22343
4370 25986
4371 31836
4372 7647
4373 18200
4374 8790
4375 19280
4376 8690
4377 25672
4378 22983
4379 22067
4380 21216
4381 11511
4382 31881
4383 18880
4384 28167
4385 24158
4386 13056
4387 19605
4388 24602
4389 20659
4390 22939
4391 23096
4392 17430
4393 19021
4394 5987
4395 20315
4396 20087
4397 3593
4398 17108
4399 2911
4400 30891
4401 10476
4402 2283
4403 19224
4404 199
4405 17162
4406 2688
4407 8400
4408 4473
4409 30630
4410 25558
4411 11662
4412 9789
4413 30874
4414 21105
4415 32664
4416 32724
4417 250
4418 27943
4419 14902
4420 15603
4421 23284
4422 8826
4423 27321
4424 27448
4425 31994
4426 28965
4427 11964
4428 9313
4429 548
4430 3829
4431 4010
4432 3008
4433 463
4434 29146
4435 14208
4436 16362
4437 2699
4438 28478
4439 25300
4440 5296
4441 17460
4442 26005
4443 13335
4444 10576
4445 32094
4446 9270
4447 19479
4448 12012
4449 10230
4450 1385
4451 19399
4452 29498
4453 2343
4454 28353
4455 9027
4456 894
4457 8315
4458 11180
4459 21007
4460 31669
4461 2627
4462 22088
4463 31903
4464 22035
4465 24888
4466 17016
4467 31517
4468 20144
4469 25442
4470 7992
4471 17766
4472 12159
4473 24121
4474 16941
4475 24662
4476 6271
4477 9739
4478 20864
4479 12357
4480 6197
4481 7325
4482 16365
4483 21713
4484 10329
4485 2837
4486 20247
4487 29150
4488 25296
4489 21271
4490 3103
4491 2524
4492 730
4493 15151
4494 31348
4495 19785
4496 1677
4497 23151
4498 24813
4499 886
4500 1154
4501 26457
4502 27925
4503 28813
4504 2510
4505 28159
4506 8390
4507 23763
4508 5171
4509 12648
4510 15865
4511 8491
4512 31896
4513 15414
4514 9436
4515 23772
4516 26039
4517 25734
4518 22565
4519 14483
4520 790
4521 18200
4522 7078
4523 23212
4524 19512
4525 32176
4526 24866
4527 28845
4528 28692
4529 5307
4530 30560
4531 29203
4532 7366
4533 1078
4534 12157
4535 82
4536 28549
4537 12236
4538 27782
4539 2071
4540 8405
4541 12862
4542 20807
4543 2000
4544 16637
4545 30728
4546 93
4547 8046
4548 6332
4549 27970
4550 8851
4551 19817
4552 568
4553 17092
4554 10091
4555 32005
4556 20023
4557 3725
4558 29690
4559 18901
4560 2449
4561 19302
4562 29689
4563 7293
4564 14054
4565 31682
4566 16666
4567 1211
4568 20620
4569 29673
4570 21656
4571 29865
4572 9931
4573 3925
4574 30482
4575 16700
4576 28237
4577 21852
4578 25241
4579 3089
4580 4816
4581 20752
4582 19208
4583 31337
4584 8734
4585 8292
4586 16531
4587 23922
4588 25407
4589 32400
4590 8355
4591 12232
4592 28141
4593 19894
4594 2274
4595 3131
4596 22088
4597 25541
4598 145
4599 467
4600 16587
4601 7838
4602 19490
4603 26897
4604 29311
4605 885
4606 7939
4607 7800
4608 12654
4609 28026
4610 8120
4611 17996
4612 2395
4613 4025
4614 29228
4615 32154
4616 18608
4617 20031
4618 15433
4619 7288
4620 18872
4621 12927
4622 22726
4623 28046
4624 23566
4625 32500
4626 11328
4627 32469
4628 25174
4629 9735
4630 20621
4631 28575
4632 30762
4633 10290
4634 2637
4635 24536
4636 13399
4637 7526
4638 15553
4639 25739
4640 23370
4641 28074
4642 20449
4643 9639
4644 5573
4645 32006
4646 15528
4647 2308
4648 32727
4649 20127
4650 13235
4651 3745
4652 9226
4653 25379
4654 4618
4655 16944
4656 14046
4657 22119
4658 6206
4659 26068
4660 9846
4661 79
4662 6068
4663 14889
4664 21138
4665 7407
4666 2624
4667 1925
4668 189
4669 16367
4670 18421
4671 19581
4672 24776
4673 5940
4674 20284
4675 13739
4676 13686
4677 16572
4678 21284
4679 17071
4680 30073
4681 14282
4682 1017
4683 15476
4684 30877
4685 7492
4686 17944
4687 24757
4688 1348
4689 24409
4690 19201
4691 26303
4692 21010
4693 1126
4694 16558
4695 16760
4696 20457
4697 7451
4698 2852
4699 17056
4700 20504
4701 8666
4702 15431
4703 855
4704 23247
4705 16223
4706 15858
4707 13791
4708 18903
4709 22182
4710 25159
4711 17572
4712 31615
4713 13321
4714 20036
4715 25209
4716 12762
4717 16810
4718 29335
4719 28709
4720 29223
4721 14608
4722 1716
4723 23326
4724 30865
4725 6165
4726 14884
4727 22932
4728 5145
4729 23807
4730 4128
4731 10161
4732 32464
4733 19949
4734 6494
4735 10784
4736 1609
4737 20341
4738 43
4739 6604
4740 6222
4741 3723
4742 6842
4743 7402
4744 2002
4745 420
4746 30652
4747 28985
4748 7719
4749 1308
4750 6448
4751 2952
4752 19569
4753 5845
4754 20861
4755 20602
4756 4443
4757 29986
4758 30398
4759 19078
4760 26376
4761 9443
4762 24669
4763 321
4764 19789
4765 8945
4766 25315
4767 21984
4768 17437
4769 17596
4770 15886
4771 2296
4772 19012
4773 3122
4774 12581
4775 19849
4776 13400
4777 29411
4778 10632
4779 3387
4780 28653
4781 28771
4782 16267
4783 16871
4784 1801
4785 16368
4786 30084
4787 2137
4788 30680
4789 10581
4790 27939
4791 20565
4792 13472
4793 20750
4794 1794
4795 19927
4796 24566
4797 21421
4798 8317
4799 3999
4800 6451
4801 12413
4802 25540
4803 24301
4804 27938
4805 18276
4806 24110
4807 19594
4808 16123
4809 28174
4810 20689
4811 3847
4812 15765
4813 24647
4814 28495
4815 5705
4816 14551
4817 4009
4818 242
4819 30790
4820 27504
4821 5752
4822 6140
4823 6921
4824 3271
4825 20938
4826 21304
4827 16380
4828 16181
4829 26347
4830 24021
4831 21606
4832 11891
4833 14335
4834 8564
4835 11059
4836 29262
4837 3049
4838 24192
4839 1012
4840 2466
4841 28012
4842 7870
4843 806
4844 389
4845 1424
4846 13861
4847 32695
4848 7363
4849 30024
4850 17903
4851 18886
4852 3979
4853 29265
4854 30192
4855 20139
4856 9063
4857 11101
4858 22567
4859 15927
4860 22385
4861 14193
4862 10899
4863 5436
4864 20677
4865 5260
4866 27463
4867 12624
4868 12082
4869 31113
4870 29377
4871 20943
4872 6709
4873 32582
4874 2168
4875 10783
4876 6695
4877 25862
4878 9652
4879 26936
4880 4533
4881 29716
4882 23202
4883 23139
4884 27537
4885 18090
4886 2472
4887 833
4888 20583
4889 30224
4890 27894
4891 25360
4892 30995
4893 29704
4894 6750
4895 14122
4896 28945
4897 4970
4898 31077
4899 26830
4900 23860
4901 1036
4902 24474
4903 2083
4904 6811
4905 17892
4906 18214
4907 30842
4908 18914
4909 22385
4910 21413
4911 12756
4912 6805
4913 9046
4914 6452
4915 15268
4916 27370
4917 29001
4918 22987
4919 17622
4920 4015
4921 24107
4922 11470
4923 32015
4924 22657
4925 8056
4926 17630
4927 4919
4928 9279
4929 5602
4930 18421
4931 32053
4932 6590
4933 29497
4934 28082
4935 27897
4936 22718
4937 30606
4938 22513
4939 5824
4940 14109
4941 2456
4942 22943
4943 11411
4944 24139
4945 11863
4946 8141
4947 13073
4948 23806
4949 9206
4950 28930
4951 4975
4952 295
4953 9206
4954 30422
4955 3773
4956 3620
4957 4233
4958 17852
4959 30315
4960 9015
4961 4412
4962 5920
4963 19979
4964 26167
4965 25305
4966 27058
4967 14936
4968 18053
4969 24204
4970 31745
4971 24952
4972 27714
4973 31812
4974 21835
4975 8318
4976 10175
4977 21596
4978 20627
4979 14899
4980 30005
4981 25723
4982 24053
4983 25366
4984 26807
4985 7097
4986 28215
4987 20129
4988 5732
4989 29187
4990 15520
4991 8654
4992 19169
4993 3776
4994 27405
4995 28378
4996 10247
4997 17076
4998 9281
4999 7753
5000 31192
5001 22821
5002 14461
5003 26922
5004 22456
5005 1085
5006 26704
5007 18588
5008 26074
5009 26800
5010 20913
5011 32401
5012 19192
5013 3231
5014 13131
5015 7122
5016 11847
5017 11707
5018 31256
5019 10052
5020 20906
5021 17069
5022 19761
5023 19049
5024 7205
5025 11190
5026 3045
5027 10025
5028 10389
5029 22162
5030 29192
5031 15059
5032 11423
5033 22947
5034 22157
5035 29279
5036 19431
5037 19019
5038 14424
5039 21494
5040 11138
5041 21146
5042 3405
5043 25012
5044 22957
5045 18985
5046 1965
5047 6572
5048 23999
5049 22085
5050 17826
5051 14124
5052 1116
5053 21840
5054 7960
5055 6467
5056 15340
5057 6501
5058 1487
5059 29313
5060 5451
5061 13883
5062 11182
5063 9726
5064 15554
5065 26188
5066 25435
5067 30109
5068 32567
5069 19254
5070 28424
5071 26002
5072 12192
5073 3425
5074 12688
5075 31010
5076 190
5077 7906
5078 30146
5079 11434
5080 9991
5081 9631
5082 16380
5083 20707
5084 22244
5085 20660
5086 24061
5087 11108
5088 29468
5089 7446
5090 10484
5091 105
5092 32656
5093 19830
5094 11740
5095 27090
5096 11306
5097 6505
5098 12300
5099 8047
5100 3088
5101 22469
5102 14858
5103 5242
5104 19741
5105 10318
5106 12449
5107 3685
5108 913
5109 24722
5110 7219
5111 6359
5112 24071
5113 16401
5114 7248
5115 31473
5116 21928
5117 12193
5118 14726
5119 4565
5120 11935
5121 4113
5122 2427
5123 13417
5124 23756
5125 23565
5126 22842
5127 1112
5128 8381
5129 8513
5130 20939
5131 20570
5132 28890
5133 5314
5134 19206
5135 27574
5136 735
5137 18089
5138 16552
5139 7941
5140 2448
5141 14593
5142 7591
5143 5688
5144 31400
5145 24035
5146 20931
5147 28636
5148 28946
5149 16607
5150 25950
5151 20893
5152 32603
5153 24478
5154 32653
5155 9737
5156 1640
5157 30150
5158 4719
5159 26519
5160 25700
5161 16414
5162 8638
5163 7400
5164 4093
5165 31475
5166 22435
5167 27212
5168 29648
5169 8122
5170 23503
5171 23688
5172 7713
5173 9718
5174 8391
5175 20695
5176 6352
5177 19292
5178 7039
5179 7726
5180 32136
5181 10037
5182 6443
5183 25540
5184 6714
5185 3333
5186 10066
5187 8402
5188 14794
5189 618
5190 16932
5191 31127
5192 25864
5193 19526
5194 15629
5195 19872
5196 12257
5197 22304
5198 6538
5199 838
5200 26327
5201 32456
5202 16444
5203 11384
5204 12462
5205 31034
5206 20539
5207 26811
5208 30824
5209 26821
5210 30892
5211 10350
5212 13172
5213 22893
5214 4246
5215 13651
5216 22563
5217 11661
5218 24817
5219 9291
5220 6235
5221 15809
5222 21760
5223 5217
5224 13455
5225 12290
5226 1249
5227 24330
5228 31470
5229 18963
5230 20067
5231 7595
5232 18139
5233 17181
5234 28695
5235 10332
5236 5278
5237 22678
5238 23210
5239 29164
5240 32089
5241 10854
5242 11377
5243 25893
5244 12093
5245 8781
5246 2886
5247 10065
5248 13821
5249 27263
5250 20627
5251 25597
5252 10115
5253 14226
5254 15276
5255 1532
5256 2275
5257 27034
5258 7778
5259 431
5260 32653
5261 18579
5262 14293
5263 5252
5264 8902
5265 24575
5266 12681
5267 7613
5268 345
5269 15823
5270 29372
5271 29811
5272 12169
5273 6279
5274 15863
5275 24282
5276 29003
5277 8350
5278 19684
5279 3782
5280 21682
5281 291
5282 24159
5283 18286
5284 20651
5285 21415
5286 27343
5287 4208
5288 15338
5289 2902
5290 29367
5291 6678
5292 12324
5293 7015
5294 7048
5295 14040
5296 11647
5297 23735
5298 3770
5299 3618
5300 4679
5301 30384
5302 20250
5303 27735
5304 15074
5305 20336
5306 30822
5307 21525
5308 24070
5309 18215
5310 7447
5311 13499
5312 31017
5313 17089
5314 13950
5315 27176
5316 24889
5317 18886
5318 23314
5319 27078
5320 19342
5321 15230
5322 12041
5323 16584
5324 25373
5325 24408
5326 17189
5327 18351
5328 15854
5329 21644
5330 21969
5331 12051
5332 18128
5333 9472
5334 10860
5335 18848
5336 28491
5337 32617
5338 27365
5339 14175
5340 15830
5341 23730
5342 18312
5343 22070
5344 3146
5345 5281
5346 18711
5347 7091
5348 2711
5349 9656
5350 2333
5351 15365
5352 22965
5353 13401
5354 17535
5355 16971
5356 21214
5357 1326
5358 31828
5359 32274
5360 20219
5361 30408
5362 6390
5363 27160
5364 604
5365 16006
5366 17241
5367 28758
5368 16555
5369 27833
5370 26780
5371 12094
5372 15651
5373 31749
5374 7134
5375 9282
5376 6909
5377 28683
5378 19027
5379 24469
5380 25131
5381 18244
5382 30103
5383 9525
5384 11337
5385 17456
5386 26690
5387 7977
5388 7633
5389 20913
5390 6332
5391 1287
5392 32654
5393 1713
5394 11859
5395 23738
5396 3155
5397 3339
5398 23690
5399 14466
5400 18156
5401 28585
5402 2228
5403 5692
5404 27733
5405 5098
5406 28098
5407 17380
5408 22058
5409 25158
5410 12890
5411 27992
5412 24927
5413 25140
5414 9513
5415 14175
5416 11569
5417 19787
5418 4985
5419 3049
5420 18012
5421 23976
5422 28166
5423 31641
5424 4751
5425 23441
5426 12301
5427 22656
5428 4125
5429 11863
5430 15527
5431 28204
5432 15861
5433 29825
5434 9813
5435 31457
5436 16340
5437 26406
5438 5340
5439 20006
5440 4793
5441 3227
5442 15699
5443 12419
5444 26010
5445 32335
5446 8314
5447 30858
5448 27221
5449 17906
5450 845
5451 28948
5452 13033
5453 5597
5454 21977
5455 29901
5456 28390
5457 24750
5458 31823
5459 25331
5460 7458
5461 5170
5462 11863
5463 20826
5464 1454
5465 31625
5466 24742
5467 8116
5468 4104
5469 3204
5470 27859
5471 20495
5472 18834
5473 9298
5474 27494
5475 18591
5476 12355
5477 30556
5478 29747
5479 25278
5480 5533
5481 14445
5482 14566
5483 27441
5484 11743
5485 15126
5486 11742
5487 30637
5488 8059
5489 5457
5490 13631
5491 13721
5492 9930
5493 1124
5494 66
5495 5654
5496 8703
5497 6408
5498 6864
5499 31549
5500 6490
5501 28363
5502 21840
5503 19111
5504 6046
5505 29363
5506 189
5507 2355
5508 26308
5509 32036
5510 12539
5511 25603
5512 1265
5513 17155
5514 31083
5515 19144
5516 26022
5517 25116
5518 22461
5519 32576
5520 21302
5521 3265
5522 16645
5523 15869
5524 1150
5525 6324
5526 1297
5527 25703
5528 15056
5529 30024
5530 31738
5531 14340
5532 31792
5533 19650
5534 12794
5535 13047
5536 15811
5537 21765
5538 1405
5539 31175
5540 4740
5541 4975
5542 27515
5543 24162
5544 12857
5545 6142
5546 19972
5547 5218
5548 27814
5549 29623
5550 14621
5551 31374
5552 23808
5553 28232
5554 18890
5555 7588
5556 29092
5557 16108
5558 4972
5559 22614
5560 7177
5561 19599
5562 28493
5563 13458
5564 15603
5565 14643
5566 27258
5567 29190
5568 8426
5569 15506
5570 17873
5571 21988
5572 8427
5573 4612
5574 15450
5575 10210
5576 15197
5577 32164
5578 987
5579 134
5580 14662
5581 11438
5582 15270
5583 19616
5584 13247
5585 29996
5586 15798
5587 10776
5588 3494
5589 14546
5590 1530
5591 489
5592 13714
5593 28454
5594 9201
5595 878
5596 17420
5597 6884
5598 27255
5599 25821
5600 18940
5601 11936
5602 20959
5603 3345
5604 25441
5605 9389
5606 16449
5607 2700
5608 25157
5609 20030
5610 11285
5611 31676
5612 9713
5613 7627
5614 19713
5615 19581
5616 29277
5617 28854
5618 20208
5619 27872
5620 23530
5621 7215
5622 15204
5623 25898
5624 6995
5625 16725
5626 3341
5627 27424
5628 24033
5629 11421
5630 8602
5631 23682
5632 26079
5633 17528
5634 32207
5635 17110
5636 3918
5637 19248
5638 6104
5639 17510
5640 3290
5641 30739
5642 7133
5643 9868
5644 28940
5645 11220
5646 24278
5647 17709
5648 22464
5649 17454
5650 29601
5651 9092
5652 17370
5653 21194
5654 5713
5655 31265
5656 1333
5657 15203
5658 25034
5659 26161
5660 15068
5661 32040
5662 907
5663 7679
5664 17789
5665 11106
5666 25034
5667 20155
5668 15898
5669 22870
5670 26566
5671 1915
5672 17666
5673 32109
5674 27737
5675 21887
5676 15616
5677 3986
5678 26316
5679 30137
5680 18130
5681 26332
5682 26096
5683 16268
5684 4316
5685 6765
5686 32106
5687 11477
5688 20254
5689 27034
5690 7503
5691 9000
5692 28516
5693 28492
5694 2033
5695 25180
5696 23996
5697 9381
5698 23032
5699 15433
5700 27949
5701 30439
5702 22708
5703 31184
5704 14502
5705 29842
5706 31409
5707 4380
5708 4149
5709 21965
5710 24204
5711 4392
5712 18041
5713 25607
5714 9222
5715 26241
5716 29274
5717 1246
5718 23383
5719 23886
5720 30967
5721 27712
5722 32453
5723 1165
5724 29664
5725 14800
5726 10868
5727 22175
5728 18310
5729 1419
5730 1664
5731 19207
5732 32240
5733 8107
5734 5961
5735 13679
5736 14767
5737 1995
5738 26638
5739 5611
5740 21779
5741 24397
5742 17342
5743 16002
5744 415
5745 23289
5746 28682
5747 29163
5748 31675
5749 30694
5750 7871
5751 24468
5752 9897
5753 30622
5754 2387
5755 8425
5756 9402
5757 26493
5758 27325
5759 7122
5760 16322
5761 14170
5762 19338
5763 28285
5764 13769
5765 9066
5766 21550
5767 18527
5768 15875
5769 30048
5770 6552
5771 21621
5772 23043
5773 24793
5774 6153
5775 6352
5776 18219
5777 32504
5778 20517
5779 28496
5780 9319
5781 11597
5782 14923
5783 31664
5784 8219
5785 21500
5786 1058
5787 17090
5788 16985
5789 22299
5790 19572
5791 18172
5792 10072
5793 14171
5794 20800
5795 20020
5796 15905
5797 9707
5798 17418
5799 13480
5800 24460
5801 3993
5802 14454
5803 28993
5804 20843
5805 25403
5806 24853
5807 12057
5808 2565
5809 5965
5810 3711
5811 8250
5812 18374
5813 13019
5814 9378
5815 28073
5816 20788
5817 23970
5818 31321
5819 26787
5820 28965
5821 15218
5822 22337
5823 24870
5824 815
5825 5846
5826 968
5827 17843
5828 9313
5829 7927
5830 8070
5831 28755
5832 23600
5833 15550
5834 12753
5835 17624
5836 20916
5837 17209
5838 10379
5839 1125
5840 24853
5841 32576
5842 14655
5843 31280
5844 9536
5845 27224
5846 22636
5847 25991
5848 18910
5849 1239
5850 15137
5851 17681
5852 14726
5853 6985
5854 5834
5855 26455
5856 31793
5857 31507
5858 4938
5859 25730
5860 23023
5861 23126
5862 9034
5863 25958
5864 5593
5865 30486
5866 14032
5867 23488
5868 21831
5869 12700
5870 31763
5871 4028
5872 1859
5873 9752
5874 8846
5875 9915
5876 24637
5877 2443
5878 21587
5879 1874
5880 15872
5881 19940
5882 22946
5883 16022
5884 2020
5885 20841
5886 6842
5887 19095
5888 24389
5889 7513
5890 29679
5891 28202
5892 13365
5893 30672
5894 4093
5895 29164
5896 4718
5897 19690
5898 15516
5899 30339
5900 14986
5901 13099
5902 27988
5903 15399
5904 23415
5905 3871
5906 24723
5907 866
5908 37
5909 6717
5910 6909
5911 27411
5912 1409
5913 20753
5914 11523
5915 28601
5916 11431
5917 3227
5918 30391
5919 28654
5920 7507
5921 19186
5922 24030
5923 23090
5924 27801
5925 27436
5926 10823
5927 26602
5928 31703
5929 24706
5930 31836
5931 2472
5932 17383
5933 8368
5934 4599
5935 26797
5936 24729
5937 20891
5938 19831
5939 8621
5940 28768
5941 31286
5942 13074
5943 7378
5944 7243
5945 15014
5946 20589
5947 9987
5948 23607
5949 20389
5950 17001
5951 12389
5952 19268
5953 25892
5954 19776
5955 21538
5956 8325
5957 31796
5958 15058
5959 3434
5960 8188
5961 26662
5962 29497
5963 15800
5964 6085
5965 9969
5966 931
5967 26711
5968 15761
5969 6357
5970 1889
5971 18212
5972 86
5973 23358
5974 10043
5975 7317
5976 8773
5977 19179
5978 8967
5979 26362
5980 12029
5981 29007
5982 6522
5983 22787
5984 8702
5985 24888
5986 573
5987 15235
5988 20832
5989 18094
5990 3651
5991 7283
5992 28869
5993 11806
5994 25179
5995 28474
5996 16524
5997 18104
5998 24577
5999 556
6000 15687
6001 9237
6002 28794
6003 27984
6004 25455
6005 17181
6006 1568
6007 24166
6008 23383
6009 22056
6010 18426
6011 26152
6012 8543
6013 7267
6014 7055
6015 10961
6016 32362
6017 18550
6018 252
6019 9180
6020 25746
6021 14947
6022 30021
6023 17166
6024 1050
6025 4273
6026 20201
6027 11958
6028 11427
6029 21707
6030 18617
6031 28980
6032 20131
6033 18083
6034 12009
6035 16824
6036 12564
6037 2970
6038 25192
6039 19020
6040 12137
6041 17572
6042 9837
6043 3861
6044 5062
6045 20391
6046 27731
6047 23253
6048 24944
6049 14373
6050 4518
6051 21685
6052 9091
6053 6939
6054 17534
6055 9026
6056 5091
6057 553
6058 523
6059 16565
6060 11892
6061 31218
6062 25458
6063 25719
6064 1166
6065 26566
6066 11479
6067 9700
6068 25771
6069 25215
6070 21179
6071 15440
6072 10851
6073 4776
6074 27017
6075 71
6076 19099
6077 24037
6078 13163
6079 4633
6080 28665
6081 24974
6082 16482
6083 18838
6084 15259
6085 158
6086 21654
6087 21271
6088 32264
6089 2252
6090 2283
6091 7614
6092 31846
6093 13047
6094 22996
6095 32510
6096 5614
6097 711
6098 6252
6099 12125
6100 23966
6101 18834
6102 29123
6103 1144
6104 31789
6105 20604
6106 117
6107 3144
6108 28228
6109 28131
6110 7298
6111 28069
6112 29419
6113 2554
6114 23897
6115 12808
6116 15938
6117 22195
6118 566
6119 23701
6120 17521
6121 16099
6122 13486
6123 29273
6124 12513
6125 20641
6126 22921
6127 22480
6128 23981
6129 9966
6130 25551
6131 10154
6132 24403
6133 5788
6134 24101
6135 26318
6136 30896
6137 8808
6138 7770
6139 14752
6140 2859
6141 31338
6142 22334
6143 32383
6144 22320
6145 2735
6146 31923
6147 29074
6148 8416
6149 23844
6150 11782
6151 15813
6152 3334
6153 21173
6154 6783
6155 7950
6156 19021
6157 30647
6158 5174
6159 31221
6160 23217
6161 30595
6162 17705
6163 3155
6164 4404
6165 29540
6166 14988
6167 7002
6168 6098
6169 16564
6170 14944
6171 17109
6172 4534
6173 21057
6174 5959
6175 18865
6176 11694
6177 20726
6178 30359
6179 8125
6180 15581
6181 10167
6182 15533
6183 26798
6184 8624
6185 1676
6186 4996
6187 14438
6188 11027
6189 8450
6190 16262
6191 25718
6192 12260
6193 11214
6194 13985
6195 3809
6196 32423
6197 23988
6198 11678
6199 20003
6200 30076
6201 30631
6202 4014
6203 5745
6204 22095
6205 6194
6206 5190
6207 18499
6208 11087
6209 24086
6210 26413
6211 2064
6212 20385
6213 7733
6214 5844
6215 17240
6216 28757
6217 12462
6218 15589
6219 1768
6220 6553
6221 6474
6222 5406
6223 2650
6224 9260
6225 3863
6226 30304
6227 5339
6228 5910
6229 10066
6230 25091
6231 7985
6232 20887
6233 10122
6234 7533
6235 22268
6236 4445
6237 17155
6238 2531
6239 26427
6240 10489
6241 18265
6242 11934
6243 10771
6244 31380
6245 31845
6246 10530
6247 10188
6248 2782
6249 15204
6250 30667
6251 1821
6252 16456
6253 342
6254 21161
6255 21161
6256 8819
6257 165
6258 1678
6259 14281
6260 11752
6261 30215
6262 1636
6263 8844
6264 4105
6265 17573
6266 9924
6267 23292
6268 24392
6269 7549
6270 14277
6271 1955
6272 9110
6273 13829
6274 28946
6275 14670
6276 17182
6277 21009
6278 25664
6279 25617
6280 10036
6281 9462
6282 26974
6283 27019
6284 11656
6285 19952
6286 14797
6287 6251
6288 14752
6289 29633
6290 11602
6291 17715
6292 31365
6293 17307
6294 19817
6295 24637
6296 14524
6297 22336
6298 13020
6299 11515
6300 16503
6301 18024
6302 24981
6303 32386
6304 15373
6305 26467
6306 5808
6307 7498
6308 4776
6309 767
6310 15573
6311 14895
6312 7997
6313 32684
6314 31429
6315 4796
6316 21442
6317 18398
6318 4146
6319 10921
6320 7323
6321 28595
6322 29908
6323 16034
6324 6229
6325 24022
6326 28089
6327 21579
6328 30614
6329 31651
6330 3293
6331 2944
6332 6484
6333 12428
6334 20218
6335 5345
6336 14150
6337 11451
6338 19361
6339 29070
6340 13976
6341 18168
6342 11146
6343 24623
6344 28899
6345 29134
6346 22825
6347 6968
6348 2396
6349 3049
6350 8065
6351 19563
6352 8780
6353 4035
6354 11069
6355 22942
6356 1728
6357 26240
6358 8701
6359 28350
6360 7297
6361 25110
6362 17390
6363 26900
6364 12870
6365 8880
6366 19357
6367 1991
6368 32297
6369 27477
6370 13
6371 1442
6372 24664
6373 10692
6374 11527
6375 24
6376 15885
6377 13731
6378 30129
6379 20357
6380 2240
6381 2777
6382 13666
6383 13495
6384 17819
6385 825
6386 25269
6387 32685
6388 10542
6389 21344
6390 10460
6391 5022
6392 7012
6393 20192
6394 11063
6395 27710
6396 14261
6397 14238
6398 10021
6399 2108
6400 7582
6401 7288
6402 26651
6403 23823
6404 9550
6405 2859
6406 16883
6407 14322
6408 19619
6409 6516
6410 1414
6411 12333
6412 28756
6413 2422
6414 9084
6415 3735
6416 9584
6417 3420
6418 29027
6419 20057
6420 18183
6421 28223
6422 17663
6423 6900
6424 3110
6425 6730
6426 23009
6427 28550
6428 14857
6429 24092
6430 13627
6431 15177
6432 18061
6433 19821
6434 31731
6435 12124
6436 32484
6437 7925
6438 28406
6439 6598
6440 1676
6441 32649
6442 463
6443 29112
6444 17026
6445 8328
6446 16248
6447 30994
6448 1203
6449 1397
6450 29040
6451 5929
6452 2995
6453 21733
6454 15629
6455 20679
6456 10929
6457 12444
6458 11028
6459 372
6460 11691
6461 22771
6462 19847
6463 14836
6464 19934
6465 8061
6466 30654
6467 26641
6468 19073
6469 27881
6470 15545
6471 11163
6472 31154
6473 24106
6474 10165
6475 31916
6476 26033
6477 15574
6478 25341
6479 1840
6480 19020
6481 22220
6482 16643
6483 24485
6484 1690
6485 31002
6486 23471
6487 29984
6488 22252
6489 4638
6490 15863
6491 25745
6492 27393
6493 16107
6494 19376
6495 4423
6496 11385
6497 18413
6498 23460
6499 9911
6500 18828
6501 20689
6502 14308
6503 26489
6504 22524
6505 16287
6506 30816
6507 28051
6508 9288
6509 7977
6510 27572
6511 16378
6512 291
6513 169
6514 581
6515 24918
6516 11044
6517 8358
6518 28557
6519 15366
6520 5311
6521 21271
6522 30131
6523 3940
6524 11892
6525 31435
6526 3935
6527 16970
6528 32582
6529 4104
6530 27596
6531 16085
6532 8559
6533 31347
6534 28959
6535 15208
6536 30546
6537 16943
6538 14583
6539 5364
6540 11441
6541 23625
6542 15173
6543 7799
6544 22560
6545 5716
6546 7006
6547 2499
6548 20666
6549 25936
6550 19278
6551 19841
6552 3090
6553 7121
6554 31087
6555 11381
6556 6253
6557 19293
6558 31803
6559 16900
6560 1838
6561 21781
6562 12383
6563 14323
6564 23441
6565 28055
6566 32016
6567 2417
6568 20892
6569 6180
6570 29346
6571 30552
6572 4435
6573 23806
6574 14167
6575 4528
6576 8748
6577 16148
6578 13941
6579 31349
6580 12994
6581 13537
6582 17819
6583 17817
6584 2253
6585 10386
6586 13396
6587 6733
6588 11602
6589 17255
6590 31213
6591 31101
6592 10519
6593 2139
6594 30084
6595 19865
6596 25946
6597 519
6598 29794
6599 10139
6600 1218
6601 1988
6602 29323
6603 19782
6604 18582
6605 24080
6606 18834
6607 31915
6608 22061
6609 13875
6610 16818
6611 2290
6612 28838
6613 20770
6614 14619
6615 13399
6616 31449
6617 18851
6618 21898
6619 27507
6620 21900
6621 18866
6622 29724
6623 17853
6624 28139
6625 12067
6626 19300
6627 28496
6628 4146
6629 25482
6630 29627
6631 24559
6632 21165
6633 27480
6634 18903
6635 838
6636 11490
6637 28742
6638 24480
6639 13938
6640 3853
6641 19191
6642 28478
6643 16068
6644 3532
6645 20440
6646 1143
6647 7618
6648 30236
6649 25420
6650 20536
6651 26223
6652 23940
6653 6406
6654 23153
6655 30669
6656 656
6657 25269
6658 1574
6659 16543
6660 4481
6661 4583
6662 7108
6663 28787
6664 8515
6665 12583
6666 19889
6667 14816
6668 31903
6669 30825
6670 27430
6671 2573
6672 2994
6673 24745
6674 13633
6675 22898
6676 29086
6677 6862
6678 2646
6679 31203
6680 12927
6681 28116
6682 23431
6683 1482
6684 30113
6685 16426
6686 8340
6687 21684
6688 14320
6689 20569
6690 15860
6691 6415
6692 687
6693 24807
6694 4388
6695 2865
6696 31341
6697 23419
6698 5951
6699 17821
6700 23093
6701 12097
6702 25039
6703 13954
6704 12038
6705 28304
6706 19938
6707 19077
6708 26498
6709 28619
6710 12641
6711 13504
6712 3050
6713 30085
6714 29342
6715 30731
6716 12874
6717 8680
6718 15916
6719 5498
6720 753
6721 14679
6722 20211
6723 1063
6724 24868
6725 30802
6726 31875
6727 22065
6728 3092
6729 154
6730 937
6731 12036
6732 19469
6733 8598
6734 15680
6735 28379
6736 32751
6737 32758
6738 14154
6739 14212
6740 7906
6741 24726
6742 25664
6743 11875
6744 582
6745 6821
6746 21670
6747 8122
6748 3049
6749 29958
6750 12001
6751 26408
6752 31869
6753 29430
6754 22861
6755 16751
6756 3657
6757 21488
6758 2699
6759 27514
6760 10270
6761 19149
6762 13336
6763 12958
6764 15501
6765 12336
6766 31524
6767 23072
6768 10583
6769 13345
6770 13217
6771 31223
6772 11045
6773 21240
6774 4506
6775 15060
6776 14713
6777 4477
6778 1222
6779 4960
6780 24293
6781 17485
6782 29277
6783 27332
6784 24955
6785 26240
6786 16682
6787 17519
6788 20356
6789 17288
6790 27618
6791 22803
6792 17525
6793 30812
6794 3508
6795 16625
6796 31262
6797 4055
6798 7457
6799 4951
6800 31269
6801 15962
6802 18702
6803 8039
6804 947
6805 185
6806 11287
6807 8729
6808 31085
6809 8789
6810 18983
6811 7556
6812 27558
6813 28293
6814 3141
6815 13657
6816 4818
6817 4411
6818 11953
6819 13488
6820 20030
6821 27364
6822 21808
6823 8455
6824 31487
6825 23439
6826 14756
6827 32391
6828 14121
6829 18770
6830 10463
6831 10634
6832 25921
6833 26089
6834 16825
6835 26971
6836 1012
6837 30625
6838 10848
6839 8252
6840 11784
6841 10613
6842 12272
6843 15534
6844 22164
6845 9846
6846 1092
6847 20460
6848 5484
6849 1136
6850 3595
6851 28089
6852 6112
6853 16842
6854 32542
6855 14683
6856 2470
6857 23214
6858 9489
6859 17384
6860 2580
6861 14698
6862 10247
6863 8128
6864 402
6865 1558
6866 11211
6867 19803
6868 27472
6869 6519
6870 1821
6871 25925
6872 26420
6873 5924
6874 1354
6875 9062
6876 10263
6877 29415
6878 26112
6879 14215
6880 4656
6881 25958
6882 3935
6883 32530
6884 7632
6885 5123
6886 9811
6887 3097
6888 21072
6889 28672
6890 290
6891 7578
6892 27976
6893 4327
6894 10305
6895 27906
6896 2562
6897 3625
6898 22892
6899 29935
6900 23855
6901 7173
6902 16629
6903 5434
6904 22744
6905 28587
6906 23901
6907 14389
6908 19607
6909 11938
6910 16673
6911 23857
6912 22022
6913 28007
6914 9942
6915 11332
6916 13688
6917 343
6918 2936
6919 30537
6920 23271
6921 10702
6922 17152
6923 19495
6924 16174
6925 21649
6926 15156
6927 31831
6928 23928
6929 361
6930 24771
6931 15776
6932 24825
6933 2321
6934 23185
6935 18469
6936 23260
6937 19282
6938 3920
6939 5538
6940 5244
6941 2157
6942 10576
6943 9715
6944 20950
6945 27065
6946 3224
6947 27862
6948 6207
6949 32141
6950 29493
6951 19697
6952 19794
6953 10848
6954 9170
6955 17431
6956 16941
6957 23855
6958 30345
6959 11463
6960 32477
6961 30496
6962 7161
6963 14581
6964 25110
6965 15972
6966 23193
6967 2573
6968 26919
6969 22113
6970 13899
6971 2614
6972 13358
6973 785
6974 13877
6975 27348
6976 6792
6977 15269
6978 15564
6979 27728
6980 25484
6981 20591
6982 9777
6983 21275
6984 30585
6985 10238
6986 8385
6987 11760
6988 7340
6989 22411
6990 29672
6991 20826
6992 5399
6993 6804
6994 10549
6995 11383
6996 12270
6997 28102
6998 19380
6999 23291
7000 9123
7001 20768
7002 12664
7003 6263
7004 17429
7005 30038
7006 887
7007 30940
7008 26885
7009 22643
7010 30619
7011 2619
7012 6345
7013 5571
7014 28949
7015 17358
7016 19268
7017 27888
7018 31477
7019 26172
7020 22805
7021 17515
7022 20727
7023 12569
7024 27407
7025 11021
7026 27296
7027 4524
7028 32233
7029 7423
7030 15498
7031 12022
7032 20023
7033 4055
7034 9213
7035 30447
7036 16537
7037 2563
7038 12478
7039 4371
7040 6707
7041 18795
7042 16684
7043 23069
7044 7517
7045 15698
7046 9352
7047 19731
7048 24219
7049 22397
7050 14229
7051 32130
7052 26063
7053 30872
7054 12129
7055 1803
7056 28589
7057 31701
7058 1634
7059 5662
7060 25456
7061 9686
7062 16324
7063 28166
7064 20683
7065 31437
7066 29954
7067 4134
7068 2595
7069 16354
7070 25012
7071 26754
7072 12027
7073 11221
7074 25000
7075 9089
7076 15024
7077 2788
7078 5427
7079 4337
7080 27494
7081 23023
7082 8137
7083 14411
7084 5442
7085 7386
7086 13516
7087 568
7088 13786
7089 29747
7090 26274
7091 6997
7092 23529
7093 13844
7094 27658
7095 29747
7096 14152
7097 3659
7098 20400
7099 675
7100 25881
7101 27065
7102 15871
7103 10288
7104 19525
7105 12536
7106 25910
7107 25068
7108 7722
7109 5697
7110 7102
7111 9584
7112 20365
7113 31372
7114 16571
7115 3870
7116 7638
7117 11768
7118 2785
7119 17833
7120 29820
7121 3950
7122 14728
7123 14040
7124 18110
7125 20353
7126 23555
7127 4486
7128 12692
7129 23193
7130 9006
7131 8430
7132 31205
7133 11857
7134 28999
7135 27941
7136 15098
7137 7709
7138 7167
7139 17640
7140 22835
7141 19248
7142 5328
7143 5272
7144 3320
7145 21405
7146 27536
7147 11907
7148 6643
7149 31932
7150 24391
7151 26725
7152 1660
7153 23759
7154 28990
7155 12847
7156 26453
7157 18405
7158 11864
7159 2566
7160 5016
7161 1023
7162 8869
7163 29071
7164 21741
7165 2162
7166 11061
7167 18538
7168 26624
7169 19596
7170 6698
7171 12284
7172 24883
7173 27002
7174 24849
7175 23666
7176 18832
7177 4969
7178 13683
7179 30466
7180 2049
7181 11756
7182 25510
7183 30068
7184 27331
7185 32670
7186 17385
7187 2786
7188 25880
7189 18696
7190 1457
7191 5564
7192 21820
7193 17093
7194 17725
7195 12046
7196 26267
7197 18147
7198 8048
7199 16134
7200 25665
7201 10637
7202 14304
7203 15025
7204 3986
7205 1255
7206 25899
7207 28421
7208 20283
7209 31802
7210 30602
7211 32036
7212 19048
7213 14929
7214 19880
7215 27615
7216 17464
7217 12067
7218 11188
7219 29305
7220 19309
7221 20658
7222 2228
7223 24750
7224 4713
7225 25394
7226 17949
7227 18420
7228 854
7229 3182
7230 1441
7231 18945
7232 25764
7233 13928
7234 4425
7235 12429
7236 8632
7237 1343
7238 2499
7239 12889
7240 3042
7241 25686
7242 20221
7243 2416
7244 10128
7245 28339
7246 22259
7247 16045
7248 22978
7249 13989
7250 26309
7251 20093
7252 2494
7253 12458
7254 25100
7255 2790
7256 2821
7257 17807
7258 9326
7259 24265
7260 25477
7261 20441
7262 6512
7263 22116
7264 16912
7265 2148
7266 1676
7267 4378
7268 14605
7269 9802
7270 15236
7271 119
7272 4462
7273 13830
7274 7413
7275 6255
7276 18914
7277 27610
7278 15663
7279 21734
7280 5707
7281 30062
7282 30532
7283 14454
7284 29554
7285 3769
7286 16479
7287 10348
7288 8953
7289 24100
7290 9047
7291 18963
7292 9106
7293 23533
7294 6788
7295 17718
7296 31087
7297 18634
7298 15314
7299 4064
7300 23290
7301 30672
7302 27411
7303 10086
7304 5573
7305 28562
7306 1690
7307 23207
7308 16324
7309 9869
7310 16901
7311 2451
7312 2234
7313 24260
7314 9050
7315 32234
7316 16369
7317 25767
7318 22102
7319 16710
7320 25134
7321 13625
7322 18945
7323 5212
7324 17380
7325 20338
7326 19590
7327 27519
7328 11176
7329 13538
7330 6466
7331 5222
7332 28901
7333 23960
7334 3355
7335 26926
7336 29393
7337 9026
7338 29971
7339 13474
7340 31647
7341 26518
7342 11036
7343 11195
7344 25591
7345 31216
7346 29999
7347 8291
7348 2723
7349 60
7350 23192
7351 20862
7352 29835
7353 26390
7354 25492
7355 31787
7356 10467
7357 7472
7358 30493
7359 4679
7360 7587
7361 7668
7362 19205
7363 14900
7364 18487
7365 3947
7366 6722
7367 31704
7368 9848
7369 30558
7370 5513
7371 16104
7372 21468
7373 19387
7374 16926
7375 32358
7376 32489
7377 25145
7378 15082
7379 21864
7380 21232
7381 831
7382 1998
7383 18716
7384 10743
7385 9219
7386 32567
7387 29705
7388 6903
7389 3055
7390 26098
7391 30359
7392 14408
7393 26952
7394 16706
7395 20690
7396 4697
7397 6417
7398 3888
7399 2411
7400 21156
7401 9773
7402 22819
7403 17919
7404 737
7405 17349
7406 21680
7407 14492
7408 21626
7409 18153
7410 1715
7411 1666
7412 31808
7413 25466
7414 7327
7415 3110
7416 30300
7417 12359
7418 28690
7419 8829
7420 18056
7421 13942
7422 26797
7423 18806
7424 2175
7425 4134
7426 12322
7427 23497
7428 25777
7429 23122
7430 27790
7431 12271
7432 15676
7433 32248
7434 29962
7435 19057
7436 10008
7437 5243
7438 13436
7439 1382
7440 913
7441 27463
7442 11956
7443 20791
7444 19963
7445 27315
7446 23476
7447 29350
7448 29089
7449 25643
7450 19790
7451 25103
7452 15358
7453 2958
7454 21237
7455 12269
7456 16176
7457 8149
7458 4045
7459 4767
7460 14505
7461 1782
7462 14084
7463 365
7464 20520
7465 24839
7466 25189
7467 198
7468 17127
7469 22183
7470 14122
7471 971
7472 20246
7473 9882
7474 19730
7475 1810
7476 29577
7477 14003
7478 2996
7479 18595
7480 22446
7481 11255
7482 29203
7483 16711
7484 28609
7485 19967
7486 31858
7487 17155
7488 12611
7489 14750
7490 7274
7491 24799
7492 27560
7493 9924
7494 30521
7495 1003
7496 6480
7497 17826
7498 24157
7499 20868
7500 15544
7501 30479
7502 13922
7503 18132
7504 7666
7505 25643
7506 16376
7507 11672
7508 31826
7509 14658
7510 30536
7511 20006
7512 2155
7513 2035
7514 32136
7515 686
7516 14905
7517 5265
7518 16589
7519 4032
7520 22432
7521 4809
7522 22049
7523 26126
7524 16149
7525 5509
7526 14806
7527 12660
7528 19100
7529 13841
7530 27162
7531 22837
7532 24306
7533 13948
7534 4043
7535 21896
7536 31499
7537 9026
7538 10636
7539 32339
7540 23487
7541 14375
7542 27928
7543 14134
7544 1984
7545 3174
7546 21206
7547 7371
7548 22479
7549 18955
7550 32686
7551 5932
7552 20271
7553 29854
7554 284
7555 30134
7556 22618
7557 769
7558 3970
7559 30733
7560 14836
7561 20635
7562 19139
7563 26720
7564 22525
7565 10679
7566 9485
7567 10991
7568 5450
7569 30502
7570 28662
7571 26314
7572 26934
7573 19756
7574 16331
7575 11227
7576 32149
7577 24986
7578 6436
7579 14886
7580 26857
7581 11575
7582 7356
7583 20048
7584 22745
7585 15460
7586 9600
7587 5982
7588 16606
7589 29440
7590 3302
7591 14784
7592 24896
7593 18314
7594 2432
7595 910
7596 14913
7597 14725
7598 23505
7599 13841
7600 16279
7601 1825
7602 15711
7603 2181
7604 24608
7605 26135
7606 17929
7607 18461
7608 13778
7609 17365
7610 15259
7611 14664
7612 29169
7613 20699
7614 32672
7615 7731
7616 22916
7617 23397
7618 3960
7619 1679
7620 26121
7621 15690
7622 19114
7623 19604
7624 24168
7625 24868
7626 29563
7627 25414
7628 31782
7629 8881
7630 7615
7631 23031
7632 28891
7633 3705
7634 32751
7635 14605
7636 24550
7637 17585
7638 23164
7639 7173
7640 8287
7641 864
7642 26979
7643 11448
7644 23373
7645 7104
7646 5122
7647 25565
7648 23065
7649 22247
7650 20265
7651 13008
7652 6467
7653 3494
7654 25973
7655 31378
7656 29524
7657 30642
7658 6617
7659 29712
7660 30740
7661 30209
7662 22654
7663 28072
7664 17404
7665 23671
7666 27085
7667 489
7668 27630
7669 32450
7670 23498
7671 11162
7672 20772
7673 1155
7674 5539
7675 23294
7676 29031
7677 18606
7678 18824
7679 28759
7680 1921
7681 18483
7682 14526
7683 16297
7684 4084
7685 25566
7686 32239
7687 448
7688 1516
7689 31099
7690 20933
7691 22132
7692 27763
7693 6207
7694 32183
7695 15404
7696 30692
7697 21603
7698 28962
7699 8353
7700 27554
7701 32274
7702 11419
7703 28389
7704 9
7705 16261
7706 30596
7707 16035
7708 25765
7709 26221
7710 5085
7711 2216
7712 12962
7713 23697
7714 25693
7715 1186
7716 25476
7717 5048
7718 14529
7719 5160
7720 8217
7721 26825
7722 13413
7723 24315
7724 31659
7725 16945
7726 785
7727 1164
7728 28537
7729 28037
7730 20501
7731 1726
7732 10857
7733 104
7734 13208
7735 20972
7736 2295
7737 16560
7738 2605
7739 1582
7740 18801
7741 22468
7742 27303
7743 26072
7744 20582
7745 21832
7746 11823
7747 3396
7748 4444
7749 17661
7750 16019
7751 22482
7752 28609
7753 23522
7754 7905
7755 5676
7756 11300
7757 160
7758 25141
7759 31183
7760 12709
7761 13092
7762 1231
7763 22983
7764 22442
7765 6030
7766 23400
7767 13497
7768 27604
7769 10314
7770 3270
7771 5159
7772 6194
7773 21372
7774 18831
7775 13552
7776 31156
7777 1954
7778 13915
7779 6422
7780 31458
7781 29557
7782 15372
7783 26308
7784 18125
7785 32015
7786 12898
7787 14480
7788 26694
7789 13395
7790 6346
7791 17149
7792 26959
7793 17546
7794 20855
7795 29508
7796 1743
7797 10570
7798 4788
7799 27476
7800 19594
7801 10908
7802 633
7803 32535
7804 11599
7805 25693
7806 12348
7807 5879
7808 27507
7809 23781
7810 24841
7811 7073
7812 25983
7813 28391
7814 25045
7815 20232
7816 6950
7817 2712
7818 21520
7819 13997
7820 32378
7821 4628
7822 10361
7823 31519
7824 25951
7825 21757
7826 15414
7827 24765
7828 12095
7829 28517
7830 19492
7831 15811
7832 29439
7833 4078
7834 12908
7835 4485
7836 18738
7837 26927
7838 8791
7839 8437
7840 1677
7841 21082
7842 22115
7843 15467
7844 31387
7845 23324
7846 25750
7847 4774
7848 1714
7849 22213
7850 11538
7851 13582
7852 8486
7853 8873
7854 5866
7855 12603
7856 6332
7857 11206
7858 3892
7859 25531
7860 11362
7861 30631
7862 32351
7863 26640
7864 19229
7865 13448
7866 10183
7867 18937
7868 4162
7869 5306
7870 10119
7871 23539
7872 20457
7873 31049
7874 654
7875 22270
7876 18335
7877 12253
7878 31990
7879 10148
7880 18267
7881 18398
7882 10897
7883 3128
7884 26292
7885 17115
7886 28100
7887 26716
7888 6736
7889 9261
7890 22680
7891 29125
7892 15776
7893 9175
7894 9230
7895 6723
7896 25802
7897 2225
7898 12723
7899 23291
7900 2791
7901 28102
7902 19317
7903 17655
7904 28783
7905 30458
7906 5557
7907 31458
7908 15857
7909 14576
7910 26525
7911 30732
7912 16136
7913 22570
7914 32180
7915 18613
7916 18826
7917 9074
7918 15023
7919 6023
7920 9474
7921 11641
7922 27275
7923 13412
7924 1633
7925 10687
7926 15320
7927 30818
7928 29680
7929 4274
7930 25432
7931 11028
7932 9609
7933 20250
7934 7624
7935 19724
7936 13575
7937 1204
7938 1022
7939 27549
7940 13051
7941 5661
7942 25908
7943 25062
7944 29601
7945 5618
7946 7076
7947 11019
7948 10258
7949 18742
7950 3925
7951 10694
7952 6074
7953 19188
7954 23348
7955 2335
7956 3597
7957 4901
7958 18534
7959 6775
7960 20598
7961 25811
7962 5085
7963 21707
7964 12432
7965 26495
7966 12841
7967 22839
7968 3737
7969 28609
7970 1425
7971 8377
7972 24612
7973 15150
7974 14947
7975 14136
7976 3853
7977 9086
7978 15752
7979 10181
7980 17586
7981 3311
7982 347
7983 32288
7984 30048
7985 5092
7986 1212
7987 382
7988 16396
7989 15826
7990 20575
7991 3209
7992 30276
7993 12636
7994 24170
7995 9897
7996 24677
7997 14781
7998 8256
7999 17026
8000 4621
8001 6503
8002 5783
8003 17854
8004 25299
8005 28649
8006 12241
8007 15884
8008 24374
8009 14102
8010 24713
8011 26472
8012 17876
8013 7012
8014 10860
8015 26526
8016 25821
8017 13202
8018 1354
8019 25353
8020 27590
8021 23438
8022 24172
8023 20129
8024 1346
8025 13973
8026 8745
8027 9013
8028 19822
8029 7324
8030 948
8031 22004
8032 30795
8033 30447
8034 30520
8035 14898
8036 15474
8037 20504
8038 4647
8039 12393
8040 22019
8041 6914
8042 17871
8043 18046
8044 13791
8045 30046
8046 10286
8047 11590
8048 12567
8049 26950
8050 16135
8051 10057
8052 17572
8053 29216
8054 309
8055 21702
8056 16728
8057 18630
8058 576
8059 247
8060 29716
8061 15076
8062 31790
8063 21653
8064 7740
8065 4513
8066 11163
8067 4511
8068 21096
8069 19329
8070 12812
8071 15448
8072 2396
8073 11657
8074 29313
8075 21903
8076 827
8077 28581
8078 7241
8079 2594
8080 18679
8081 2120
8082 22554
8083 31685
8084 25100
8085 23378
8086 19297
8087 1792
8088 4718
8089 20534
8090 26071
8091 10871
8092 13503
8093 4956
8094 11605
8095 29550
8096 1222
8097 1732
8098 31721
8099 5004
8100 28189
8101 9709
8102 25641
8103 991
8104 13097
8105 24821
8106 12231
8107 22817
8108 79
8109 13057
8110 11366
8111 11578
8112 16229
8113 30687
8114 15020
8115 16901
8116 16231
8117 17642
8118 21401
8119 16727
8120 1132
8121 18734
8122 30743
8123 15934
8124 21464
8125 30925
8126 16082
8127 23430
8128 20690
8129 1954
8130 29769
8131 15234
8132 15609
8133 30499
8134 294
8135 7433
8136 12626
8137 15244
8138 2762
8139 18878
8140 25477
8141 15418
8142 557
8143 14740
8144 19274
8145 13140
8146 5349
8147 3986
8148 15390
8149 12465
8150 13444
8151 21460
8152 18234
8153 17398
8154 10279
8155 3795
8156 31173
8157 4607
8158 23628
8159 10726
8160 19273
8161 22913
8162 25828
8163 14600
8164 20580
8165 10989
8166 26026
8167 4571
8168 1472
8169 22423
8170 21682
8171 21485
8172 18244
8173 23575
8174 19269
8175 17978
8176 18316
8177 18927
8178 22764
8179 11763
8180 7063
8181 29807
8182 3275
8183 638
8184 11968
8185 25814
8186 10544
8187 8894
8188 13040
8189 22970
8190 13676
8191 28564
8192 24849
8193 21930
8194 25058
8195 28582
8196 7622
8197 273
8198 29277
8199 24671
8200 22105
8201 25437
8202 8871
8203 22583
8204 10741
8205 14177
8206 14679
8207 24116
8208 13077
8209 24312
8210 15594
8211 6832
8212 1340
8213 14828
8214 32533
8215 1374
8216 13031
8217 25622
8218 29274
8219 13448
8220 28607
8221 7878
8222 32218
8223 12698
8224 8980
8225 26981
8226 17258
8227 30436
8228 32391
8229 3416
8230 3048
8231 31388
8232 27910
8233 8488
8234 19920
8235 27426
8236 28158
8237 18144
8238 522
8239 136
8240 12491
8241 10679
8242 15110
8243 1874
8244 1140
8245 32495
8246 12811
8247 2170
8248 28565
8249 3581
8250 16076
8251 12984
8252 1180
8253 1002
8254 27965
8255 26880
8256 17976
8257 5625
8258 9636
8259 6731
8260 12303
8261 14218
8262 6899
8263 18074
8264 14256
8265 26430
8266 29525
8267 21816
8268 22984
8269 22364
8270 24327
8271 8256
8272 1944
8273 30068
8274 4457
8275 22880
8276 2214
8277 5442
8278 20565
8279 11228
8280 9395
8281 17108
8282 3503
8283 16342
8284 10734
8285 32751
8286 16189
8287 716
8288 9063
8289 28848
8290 26809
8291 22882
8292 21446
8293 15215
8294 3109
8295 7778
8296 18493
8297 8168
8298 29791
8299 4865
8300 6075
8301 2461
8302 3573
8303 9316
8304 8803
8305 8566
8306 16954
8307 10850
8308 25916
8309 8875
8310 2202
8311 908
8312 13866
8313 30435
8314 8746
8315 12906
8316 31773
8317 23966
8318 13187
8319 24584
8320 14216
8321 8912
8322 12497
8323 26545
8324 28437
8325 10446
8326 20519
8327 20475
8328 21655
8329 18798
8330 30230
8331 21764
8332 13887
8333 21098
8334 20605
8335 26618
8336 4116
8337 8454
8338 5026
8339 18401
8340 20893
8341 8435
8342 3458
8343 6032
8344 11232
8345 12914
8346 870
8347 5373
8348 31633
8349 15293
8350 3511
8351 21947
8352 9091
8353 27042
8354 26131
8355 11457
8356 27490
8357 25457
8358 23456
8359 7533
8360 13988
8361 30232
8362 24993
8363 32713
8364 10173
8365 31373
8366 27719
8367 14860
8368 914
8369 31596
8370 4041
8371 13156
8372 26929
8373 24034
8374 5559
8375 25586
8376 12735
8377 4553
8378 31883
8379 9750
8380 3249
8381 3348
8382 5505
8383 11502
8384 11328
8385 5742
8386 13480
8387 17433
8388 5654
8389 8990
8390 10041
8391 15553
8392 27726
8393 19502
8394 25640
8395 11224
8396 17051
8397 7884
8398 11002
8399 23969
8400 21447
8401 19440
8402 1238
8403 8819
8404 11104
8405 31551
8406 23518
8407 22714
8408 6062
8409 17712
8410 7360
8411 22590
8412 30695
8413 6253
8414 5767
8415 8872
8416 15014
8417 3708
8418 3256
8419 32066
8420 8346
8421 29598
8422 12186
8423 22526
8424 6011
8425 1527
8426 28373
8427 9658
8428 16707
8429 12272
8430 23102
8431 2498
8432 31642
8433 16858
8434 1266
8435 32406
8436 31634
8437 28372
8438 7842
8439 23022
8440 20884
8441 4334
8442 14125
8443 20988
8444 27035
8445 30862
8446 24692
8447 26609
8448 23455
8449 19219
8450 8810
8451 23490
8452 8277
8453 13497
8454 30058
8455 3372
8456 32277
8457 29116
8458 14030
8459 28150
8460 16923
8461 29377
8462 19389
8463 26998
8464 6643
8465 8305
8466 26180
8467 25942
8468 8495
8469 615
8470 8360
8471 16280
8472 30555
8473 19788
8474 25339
8475 28120
8476 29235
8477 7232
8478 18158
8479 8657
8480 16403
8481 22908
8482 28134
8483 5923
8484 3758
8485 6710
8486 32082
8487 28244
8488 2563
8489 29125
8490 13627
8491 14612
8492 18317
8493 6
8494 21788
8495 7109
8496 29114
8497 16126
8498 17141
8499 10298
8500 18335
